# A subset of Load Love Numbers, see Wang et al. CAGEO, (2012)
# Note: these load love number are in the CM reference frame,
# i.e. center of mass of total Earth system (solid + hydro + atmos).
# To convert to other reference frames, see Blewitt, JGR, (2003)
# For CE (center of mass solid Earth), ke0 = 0, he1 = hm1 + 1,
# le1 = lm1 + 1, ke1 = km1 + 1.  For CF (center of figure ~CE, within 2%),
# kf0 = 0, hf1 = 2/3(hm1 - lm1), lf1 = -1/3(hm1 - lm1),
# kf1 = -1/3*hm1 -2/3*lm1 - 1.
# All love numbers for degree >= 2 are the same for all ref frames.
+0.00000000E+00	+0.00000000E+00	-1.00000000E+00
-1.28587776E+00	-8.96081794E-01	-1.00000000E+00
-9.90799490E-01	+2.32866950E-02	-3.05161040E-01
-1.04996310E+00	+6.98921360E-02	-1.95857330E-01
-1.05264770E+00	+5.86704670E-02	-1.33522840E-01
-1.08559180E+00	+4.61651530E-02	-1.04565310E-01
-1.14311630E+00	+3.85869260E-02	-9.01848410E-02
-1.21162730E+00	+3.41988270E-02	-8.19067870E-02
-1.28311570E+00	+3.14749980E-02	-7.63791410E-02
-1.35385540E+00	+2.96244070E-02	-7.22501830E-02
-1.42235160E+00	+2.82739610E-02	-6.89341450E-02
-1.48811170E+00	+2.72422780E-02	-6.61479920E-02
-1.55104280E+00	+2.64311240E-02	-6.37362530E-02
-1.61118950E+00	+2.57795070E-02	-6.16028700E-02
-1.66863290E+00	+2.52451390E-02	-5.96831590E-02
-1.72345690E+00	+2.47968030E-02	-5.79311800E-02
-1.77574180E+00	+2.44108610E-02	-5.63132940E-02
-1.82556460E+00	+2.40693360E-02	-5.48044520E-02
-1.87300190E+00	+2.37586450E-02	-5.33858070E-02
-1.91813210E+00	+2.34686460E-02	-5.20430880E-02
-1.96103660E+00	+2.31918930E-02	-5.07654230E-02
-2.00180000E+00	+2.29230320E-02	-4.95444870E-02
-2.04051010E+00	+2.26583210E-02	-4.83738660E-02
-2.07725710E+00	+2.23952420E-02	-4.72485750E-02
-2.11213280E+00	+2.21322000E-02	-4.61647080E-02
-2.14522960E+00	+2.18682800E-02	-4.51191600E-02
-2.17663980E+00	+2.16030630E-02	-4.41094310E-02
-2.20645460E+00	+2.13364790E-02	-4.31334640E-02
-2.23476340E+00	+2.10687000E-02	-4.21895400E-02
-2.26165310E+00	+2.08000530E-02	-4.12761840E-02
-2.28720800E+00	+2.05309620E-02	-4.03921050E-02
-2.31150880E+00	+2.02618970E-02	-3.95361480E-02
-2.33463280E+00	+1.99933460E-02	-3.87072600E-02
-2.35665360E+00	+1.97257900E-02	-3.79044630E-02
-2.37764090E+00	+1.94596860E-02	-3.71268370E-02
-2.39766050E+00	+1.91954590E-02	-3.63735100E-02
-2.41677460E+00	+1.89334940E-02	-3.56436440E-02
-2.43504140E+00	+1.86741360E-02	-3.49364320E-02
-2.45251560E+00	+1.84176870E-02	-3.42510940E-02
-2.46924840E+00	+1.81644070E-02	-3.35868730E-02
-2.48528760E+00	+1.79145180E-02	-3.29430350E-02
-2.50067790E+00	+1.76682030E-02	-3.23188660E-02
-2.51546090E+00	+1.74256130E-02	-3.17136750E-02
-2.52967550E+00	+1.71868660E-02	-3.11267890E-02
-2.54335770E+00	+1.69520530E-02	-3.05575570E-02
-2.55654120E+00	+1.67212400E-02	-3.00053470E-02
-2.56925740E+00	+1.64944700E-02	-2.94695470E-02
-2.58153530E+00	+1.62717690E-02	-2.89495680E-02
-2.59340220E+00	+1.60531440E-02	-2.84448380E-02
-2.60488330E+00	+1.58385860E-02	-2.79548060E-02
-2.61600210E+00	+1.56280770E-02	-2.74789400E-02
-2.62678050E+00	+1.54215850E-02	-2.70167290E-02
-2.63723890E+00	+1.52190710E-02	-2.65676790E-02
-2.64739640E+00	+1.50204860E-02	-2.61313170E-02
-2.65727060E+00	+1.48257790E-02	-2.57071850E-02
-2.66687810E+00	+1.46348880E-02	-2.52948460E-02
-2.67623450E+00	+1.44477520E-02	-2.48938770E-02
-2.68535400E+00	+1.42643030E-02	-2.45038740E-02
-2.69425030E+00	+1.40844740E-02	-2.41244490E-02
-2.70293580E+00	+1.39081920E-02	-2.37552280E-02
-2.71142250E+00	+1.37353860E-02	-2.33958520E-02
-2.71972140E+00	+1.35659830E-02	-2.30459800E-02
-2.72784280E+00	+1.33999090E-02	-2.27052800E-02
-2.73579650E+00	+1.32370920E-02	-2.23734370E-02
-2.74359160E+00	+1.30774580E-02	-2.20501470E-02
-2.75123660E+00	+1.29209350E-02	-2.17351190E-02
-2.75873970E+00	+1.27674510E-02	-2.14280730E-02
-2.76610830E+00	+1.26169360E-02	-2.11287420E-02
-2.77334960E+00	+1.24693190E-02	-2.08368690E-02
-2.78047030E+00	+1.23245320E-02	-2.05522060E-02
-2.78747670E+00	+1.21825080E-02	-2.02745160E-02
-2.79437480E+00	+1.20431810E-02	-2.00035720E-02
-2.80117020E+00	+1.19064870E-02	-1.97391560E-02
-2.80786820E+00	+1.17723620E-02	-1.94810580E-02
-2.81447380E+00	+1.16407460E-02	-1.92290760E-02
-2.82099180E+00	+1.15115780E-02	-1.89830170E-02
-2.82742660E+00	+1.13847990E-02	-1.87426950E-02
-2.83378240E+00	+1.12603520E-02	-1.85079310E-02
-2.84006330E+00	+1.11381830E-02	-1.82785530E-02
-2.84627300E+00	+1.10182360E-02	-1.80543950E-02
-2.85241520E+00	+1.09004600E-02	-1.78353000E-02
-2.85849320E+00	+1.07848020E-02	-1.76211130E-02
-2.86451030E+00	+1.06712130E-02	-1.74116880E-02
-2.87046960E+00	+1.05596450E-02	-1.72068820E-02
-2.87637390E+00	+1.04500510E-02	-1.70065600E-02
-2.88222600E+00	+1.03423840E-02	-1.68105900E-02
-2.88802850E+00	+1.02365990E-02	-1.66188450E-02
-2.89378390E+00	+1.01326550E-02	-1.64312030E-02
-2.89949450E+00	+1.00305080E-02	-1.62475470E-02
-2.90516270E+00	+9.93011690E-03	-1.60677620E-02
-2.91079050E+00	+9.83144290E-03	-1.58917410E-02
-2.91637990E+00	+9.73444670E-03	-1.57193760E-02
-2.92193300E+00	+9.63909070E-03	-1.55505670E-02
-2.92745140E+00	+9.54533830E-03	-1.53852150E-02
-2.93293700E+00	+9.45315380E-03	-1.52232250E-02
-2.93839130E+00	+9.36250260E-03	-1.50645060E-02
-2.94381610E+00	+9.27335090E-03	-1.49089680E-02
-2.94921270E+00	+9.18566600E-03	-1.47565260E-02
-2.95458260E+00	+9.09941590E-03	-1.46070990E-02
-2.95992720E+00	+9.01456950E-03	-1.44606040E-02
-2.96524760E+00	+8.93109670E-03	-1.43169670E-02
-2.97054530E+00	+8.84896810E-03	-1.41761110E-02
-2.97582130E+00	+8.76815480E-03	-1.40379650E-02
-2.98107670E+00	+8.68862920E-03	-1.39024580E-02
-2.98631250E+00	+8.61036400E-03	-1.37695230E-02
-2.99152990E+00	+8.53333280E-03	-1.36390940E-02
-2.99672980E+00	+8.45750970E-03	-1.35111080E-02
-3.00191290E+00	+8.38286990E-03	-1.33855030E-02
-3.00708030E+00	+8.30938860E-03	-1.32622200E-02
-3.01223280E+00	+8.23704230E-03	-1.31412010E-02
-3.01737100E+00	+8.16580760E-03	-1.30223900E-02
-3.02249580E+00	+8.09566190E-03	-1.29057340E-02
-3.02760790E+00	+8.02658320E-03	-1.27911790E-02
-3.03270800E+00	+7.95855000E-03	-1.26786750E-02
-3.03779660E+00	+7.89154130E-03	-1.25681720E-02
-3.04287440E+00	+7.82553670E-03	-1.24596220E-02
-3.04794200E+00	+7.76051630E-03	-1.23529790E-02
-3.05299990E+00	+7.69646060E-03	-1.22481980E-02
-3.05804860E+00	+7.63335070E-03	-1.21452350E-02
-3.06308870E+00	+7.57116800E-03	-1.20440480E-02
-3.06812050E+00	+7.50989460E-03	-1.19445940E-02
-3.07314460E+00	+7.44951280E-03	-1.18468350E-02
-3.07816140E+00	+7.39000540E-03	-1.17507320E-02
-3.08317130E+00	+7.33135570E-03	-1.16562450E-02
-3.08817470E+00	+7.27354740E-03	-1.15633400E-02
-3.09317180E+00	+7.21656440E-03	-1.14719800E-02
-3.09816320E+00	+7.16039110E-03	-1.13821300E-02
-3.10314900E+00	+7.10501240E-03	-1.12937570E-02
-3.10812960E+00	+7.05041340E-03	-1.12068280E-02
-3.11310540E+00	+6.99657950E-03	-1.11213110E-02
-3.11807650E+00	+6.94349670E-03	-1.10371750E-02
-3.12304330E+00	+6.89115090E-03	-1.09543910E-02
-3.12800590E+00	+6.83952880E-03	-1.08729280E-02
-3.13296470E+00	+6.78861710E-03	-1.07927580E-02
-3.13791990E+00	+6.73840290E-03	-1.07138530E-02
-3.14287160E+00	+6.68887350E-03	-1.06361870E-02
-3.14782010E+00	+6.64001680E-03	-1.05597330E-02
-3.15276560E+00	+6.59182060E-03	-1.04844660E-02
-3.15770820E+00	+6.54427320E-03	-1.04103600E-02
-3.16264810E+00	+6.49736310E-03	-1.03373920E-02
-3.16758550E+00	+6.45107900E-03	-1.02655370E-02
-3.17252050E+00	+6.40540990E-03	-1.01947730E-02
-3.17745330E+00	+6.36034520E-03	-1.01250780E-02
-3.18238400E+00	+6.31587420E-03	-1.00564290E-02
-3.18731270E+00	+6.27198680E-03	-9.98880450E-03
-3.19223960E+00	+6.22867290E-03	-9.92218500E-03
-3.19716480E+00	+6.18592270E-03	-9.85654960E-03
-3.20208830E+00	+6.14372650E-03	-9.79187880E-03
-3.20701020E+00	+6.10207490E-03	-9.72815320E-03
-3.21193080E+00	+6.06095890E-03	-9.66535420E-03
-3.21685000E+00	+6.02036930E-03	-9.60346350E-03
-3.22176790E+00	+5.98029740E-03	-9.54246330E-03
-3.22668470E+00	+5.94073460E-03	-9.48233620E-03
-3.23160030E+00	+5.90167240E-03	-9.42306520E-03
-3.23651490E+00	+5.86310260E-03	-9.36463380E-03
-3.24142840E+00	+5.82501720E-03	-9.30702590E-03
-3.24634110E+00	+5.78740810E-03	-9.25022570E-03
-3.25125290E+00	+5.75026780E-03	-9.19421780E-03
-3.25616390E+00	+5.71358860E-03	-9.13898730E-03
-3.26107410E+00	+5.67736300E-03	-9.08451940E-03
-3.26598350E+00	+5.64158390E-03	-9.03080000E-03
-3.27089230E+00	+5.60624420E-03	-8.97781490E-03
-3.27580040E+00	+5.57133680E-03	-8.92555060E-03
-3.28070790E+00	+5.53685500E-03	-8.87399380E-03
-3.28561480E+00	+5.50279200E-03	-8.82313140E-03
-3.29052110E+00	+5.46914130E-03	-8.77295070E-03
-3.29542690E+00	+5.43589660E-03	-8.72343940E-03
-3.30033220E+00	+5.40305150E-03	-8.67458520E-03
-3.30523700E+00	+5.37059980E-03	-8.62637630E-03
-3.31014140E+00	+5.33853560E-03	-8.57880120E-03
-3.31504520E+00	+5.30685290E-03	-8.53184840E-03
-3.31994860E+00	+5.27554590E-03	-8.48550700E-03
-3.32485160E+00	+5.24460890E-03	-8.43976610E-03
-3.32975410E+00	+5.21403640E-03	-8.39461500E-03
-3.33465630E+00	+5.18382290E-03	-8.35004350E-03
-3.33955800E+00	+5.15396300E-03	-8.30604150E-03
-3.34445930E+00	+5.12445150E-03	-8.26259900E-03
-3.34936020E+00	+5.09528330E-03	-8.21970630E-03
-3.35426070E+00	+5.06645320E-03	-8.17735390E-03
-3.35916090E+00	+5.03795630E-03	-8.13553270E-03
-3.36406060E+00	+5.00978790E-03	-8.09423350E-03
-3.36895990E+00	+4.98194300E-03	-8.05344740E-03
-3.37385880E+00	+4.95441700E-03	-8.01316580E-03
-3.37875720E+00	+4.92720530E-03	-7.97338010E-03
-3.38365530E+00	+4.90030340E-03	-7.93408210E-03
-3.38855290E+00	+4.87370690E-03	-7.89526350E-03
-3.39345010E+00	+4.84741140E-03	-7.85691640E-03
-3.39834690E+00	+4.82141270E-03	-7.81903300E-03
-3.40324320E+00	+4.79570660E-03	-7.78160570E-03
-3.40813900E+00	+4.77028890E-03	-7.74462690E-03
-3.41303440E+00	+4.74515570E-03	-7.70808930E-03
-3.41792920E+00	+4.72030300E-03	-7.67198570E-03
-3.42282360E+00	+4.69572680E-03	-7.63630910E-03
-3.42771740E+00	+4.67142350E-03	-7.60105260E-03
-3.43261070E+00	+4.64738910E-03	-7.56620950E-03
-3.43750350E+00	+4.62362000E-03	-7.53177300E-03
-3.44239570E+00	+4.60011260E-03	-7.49773670E-03
-3.44728730E+00	+4.57686340E-03	-7.46409430E-03
-3.45217830E+00	+4.55386880E-03	-7.43083950E-03
-3.45706870E+00	+4.53112540E-03	-7.39796620E-03
-3.46195850E+00	+4.50862980E-03	-7.36546850E-03
-3.46684760E+00	+4.48637880E-03	-7.33334030E-03
-3.47173600E+00	+4.46436890E-03	-7.30157610E-03
-3.47662370E+00	+4.44259710E-03	-7.27017010E-03
-3.48151070E+00	+4.42106010E-03	-7.23911680E-03
-3.48639700E+00	+4.39975500E-03	-7.20841080E-03
-3.49128250E+00	+4.37867850E-03	-7.17804670E-03
-3.49616720E+00	+4.35782780E-03	-7.14801930E-03
-3.50105120E+00	+4.33719990E-03	-7.11832360E-03
-3.50593430E+00	+4.31679180E-03	-7.08895440E-03
-3.51081650E+00	+4.29660080E-03	-7.05990680E-03
-3.51569790E+00	+4.27662390E-03	-7.03117600E-03
-3.52057840E+00	+4.25685860E-03	-7.00275730E-03
-3.52545800E+00	+4.23730190E-03	-6.97464600E-03
-3.53033660E+00	+4.21795140E-03	-6.94683750E-03
-3.53521430E+00	+4.19880430E-03	-6.91932720E-03
-3.54009090E+00	+4.17985800E-03	-6.89211090E-03
-3.54496660E+00	+4.16111010E-03	-6.86518420E-03
-3.54984120E+00	+4.14255800E-03	-6.83854280E-03
-3.55471470E+00	+4.12419920E-03	-6.81218260E-03
-3.55958710E+00	+4.10603130E-03	-6.78609950E-03
-3.56445840E+00	+4.08805200E-03	-6.76028940E-03
-3.56932860E+00	+4.07025880E-03	-6.73474840E-03
-3.57419760E+00	+4.05264950E-03	-6.70947260E-03
-3.57906540E+00	+4.03522170E-03	-6.68445830E-03
-3.58393200E+00	+4.01797330E-03	-6.65970160E-03
-3.58879730E+00	+4.00090200E-03	-6.63519890E-03
-3.59366130E+00	+3.98400570E-03	-6.61094660E-03
-3.59852400E+00	+3.96728210E-03	-6.58694110E-03
-3.60338540E+00	+3.95072930E-03	-6.56317910E-03
-3.60824550E+00	+3.93434500E-03	-6.53965690E-03
-3.61310410E+00	+3.91812730E-03	-6.51637130E-03
-3.61796130E+00	+3.90207420E-03	-6.49331900E-03
-3.62281710E+00	+3.88618360E-03	-6.47049660E-03
-3.62767140E+00	+3.87045360E-03	-6.44790120E-03
-3.63252420E+00	+3.85488220E-03	-6.42552930E-03
-3.63737540E+00	+3.83946770E-03	-6.40337810E-03
-3.64222520E+00	+3.82420800E-03	-6.38144450E-03
-3.64707330E+00	+3.80910130E-03	-6.35972540E-03
-3.65191980E+00	+3.79414580E-03	-6.33821790E-03
-3.65676470E+00	+3.77933980E-03	-6.31691930E-03
-3.66160790E+00	+3.76468140E-03	-6.29582650E-03
-3.66644940E+00	+3.75016900E-03	-6.27493700E-03
-3.67128910E+00	+3.73580070E-03	-6.25424780E-03
-3.67612710E+00	+3.72157490E-03	-6.23375630E-03
-3.68096340E+00	+3.70748990E-03	-6.21345990E-03
-3.68579780E+00	+3.69354410E-03	-6.19335590E-03
-3.69063030E+00	+3.67973590E-03	-6.17344190E-03
-3.69546100E+00	+3.66606360E-03	-6.15371520E-03
-3.70028980E+00	+3.65252570E-03	-6.13417340E-03
-3.70511670E+00	+3.63912060E-03	-6.11481400E-03
-3.70994160E+00	+3.62584680E-03	-6.09563460E-03
-3.71476450E+00	+3.61270270E-03	-6.07663300E-03
-3.71958540E+00	+3.59968690E-03	-6.05780670E-03
-3.72440430E+00	+3.58679790E-03	-6.03915340E-03
-3.72922110E+00	+3.57403420E-03	-6.02067100E-03
-3.73403570E+00	+3.56139440E-03	-6.00235720E-03
-3.73884830E+00	+3.54887720E-03	-5.98420980E-03
-3.74365870E+00	+3.53648100E-03	-5.96622660E-03
-3.74846690E+00	+3.52420450E-03	-5.94840560E-03
-3.75327290E+00	+3.51204640E-03	-5.93074470E-03
-3.75807660E+00	+3.50000530E-03	-5.91324190E-03
-3.76287800E+00	+3.48807990E-03	-5.89589500E-03
-3.76767720E+00	+3.47626890E-03	-5.87870220E-03
-3.77247400E+00	+3.46457100E-03	-5.86166140E-03
-3.77726850E+00	+3.45298490E-03	-5.84477090E-03
-3.78206050E+00	+3.44150930E-03	-5.82802850E-03
-3.78685010E+00	+3.43014310E-03	-5.81143260E-03
-3.79163730E+00	+3.41888510E-03	-5.79498120E-03
-3.79642200E+00	+3.40773390E-03	-5.77867260E-03
-3.80120420E+00	+3.39668840E-03	-5.76250500E-03
-3.80598390E+00	+3.38574750E-03	-5.74647660E-03
-3.81076100E+00	+3.37490990E-03	-5.73058570E-03
-3.81553550E+00	+3.36417460E-03	-5.71483050E-03
-3.82030740E+00	+3.35354040E-03	-5.69920950E-03
-3.82507660E+00	+3.34300610E-03	-5.68372100E-03
-3.82984320E+00	+3.33257070E-03	-5.66836330E-03
-3.83460700E+00	+3.32223310E-03	-5.65313480E-03
-3.83936820E+00	+3.31199220E-03	-5.63803400E-03
-3.84412650E+00	+3.30184700E-03	-5.62305930E-03
-3.84888210E+00	+3.29179640E-03	-5.60820920E-03
-3.85363480E+00	+3.28183930E-03	-5.59348220E-03
-3.85838470E+00	+3.27197480E-03	-5.57887670E-03
-3.86313170E+00	+3.26220180E-03	-5.56439130E-03
-3.86787590E+00	+3.25251930E-03	-5.55002460E-03
-3.87261700E+00	+3.24292640E-03	-5.53577520E-03
-3.87735530E+00	+3.23342210E-03	-5.52164160E-03
-3.88209050E+00	+3.22400540E-03	-5.50762240E-03
-3.88682270E+00	+3.21467530E-03	-5.49371640E-03
-3.89155190E+00	+3.20543100E-03	-5.47992210E-03
-3.89627800E+00	+3.19627150E-03	-5.46623830E-03
-3.90100100E+00	+3.18719580E-03	-5.45266350E-03
-3.90572090E+00	+3.17820320E-03	-5.43919670E-03
-3.91043770E+00	+3.16929260E-03	-5.42583630E-03
-3.91515120E+00	+3.16046320E-03	-5.41258130E-03
-3.91986160E+00	+3.15171420E-03	-5.39943050E-03
-3.92456870E+00	+3.14304460E-03	-5.38638240E-03
-3.92927250E+00	+3.13445370E-03	-5.37343610E-03
-3.93397310E+00	+3.12594050E-03	-5.36059020E-03
-3.93867040E+00	+3.11750430E-03	-5.34784370E-03
-3.94336430E+00	+3.10914420E-03	-5.33519540E-03
-3.94805480E+00	+3.10085940E-03	-5.32264410E-03
-3.95274200E+00	+3.09264910E-03	-5.31018880E-03
-3.95742570E+00	+3.08451260E-03	-5.29782830E-03
-3.96210600E+00	+3.07644900E-03	-5.28556150E-03
-3.96678280E+00	+3.06845750E-03	-5.27338740E-03
-3.97145610E+00	+3.06053750E-03	-5.26130500E-03
-3.97612590E+00	+3.05268810E-03	-5.24931310E-03
-3.98079210E+00	+3.04490850E-03	-5.23741070E-03
-3.98545480E+00	+3.03719820E-03	-5.22559690E-03
-3.99011380E+00	+3.02955620E-03	-5.21387070E-03
-3.99476930E+00	+3.02198200E-03	-5.20223100E-03
-3.99942100E+00	+3.01447470E-03	-5.19067680E-03
-4.00406910E+00	+3.00703370E-03	-5.17920730E-03
-4.00871350E+00	+2.99965840E-03	-5.16782150E-03
-4.01335420E+00	+2.99234790E-03	-5.15651830E-03
-4.01799110E+00	+2.98510160E-03	-5.14529700E-03
-4.02262420E+00	+2.97791890E-03	-5.13415660E-03
-4.02725350E+00	+2.97079900E-03	-5.12309620E-03
-4.03187900E+00	+2.96374140E-03	-5.11211500E-03
-4.03650060E+00	+2.95674530E-03	-5.10121190E-03
-4.04111840E+00	+2.94981010E-03	-5.09038630E-03
-4.04573220E+00	+2.94293530E-03	-5.07963720E-03
-4.05034210E+00	+2.93612010E-03	-5.06896380E-03
-4.05494810E+00	+2.92936390E-03	-5.05836520E-03
-4.05955010E+00	+2.92266620E-03	-5.04784070E-03
-4.06414800E+00	+2.91602630E-03	-5.03738940E-03
-4.06874200E+00	+2.90944350E-03	-5.02701060E-03
-4.07333190E+00	+2.90291740E-03	-5.01670340E-03
-4.07791770E+00	+2.89644740E-03	-5.00646710E-03
-4.08249950E+00	+2.89003270E-03	-4.99630090E-03
-4.08707710E+00	+2.88367300E-03	-4.98620410E-03
-4.09165050E+00	+2.87736760E-03	-4.97617580E-03
-4.09621980E+00	+2.87111590E-03	-4.96621550E-03
-4.10078500E+00	+2.86491730E-03	-4.95632230E-03
-4.10534590E+00	+2.85877150E-03	-4.94649550E-03
-4.10990250E+00	+2.85267770E-03	-4.93673440E-03
-4.11445490E+00	+2.84663540E-03	-4.92703840E-03
-4.11900300E+00	+2.84064420E-03	-4.91740660E-03
-4.12354690E+00	+2.83470350E-03	-4.90783860E-03
-4.12808630E+00	+2.82881280E-03	-4.89833350E-03
-4.13262150E+00	+2.82297150E-03	-4.88889070E-03
-4.13715230E+00	+2.81717920E-03	-4.87950950E-03
-4.14167860E+00	+2.81143530E-03	-4.87018930E-03
-4.14620060E+00	+2.80573940E-03	-4.86092950E-03
-4.15071810E+00	+2.80009090E-03	-4.85172950E-03
-4.15523120E+00	+2.79448940E-03	-4.84258850E-03
-4.15973970E+00	+2.78893440E-03	-4.83350600E-03
-4.16424380E+00	+2.78342540E-03	-4.82448140E-03
-4.16874340E+00	+2.77796200E-03	-4.81551410E-03
-4.17323840E+00	+2.77254360E-03	-4.80660340E-03
-4.17772880E+00	+2.76716980E-03	-4.79774880E-03
-4.18221470E+00	+2.76184020E-03	-4.78894980E-03
-4.18669590E+00	+2.75655430E-03	-4.78020570E-03
-4.19117250E+00	+2.75131170E-03	-4.77151600E-03
-4.19564450E+00	+2.74611180E-03	-4.76288000E-03
-4.20011180E+00	+2.74095440E-03	-4.75429740E-03
-4.20457440E+00	+2.73583880E-03	-4.74576750E-03
-4.20903230E+00	+2.73076480E-03	-4.73728970E-03
-4.21348540E+00	+2.72573190E-03	-4.72886360E-03
-4.21793380E+00	+2.72073970E-03	-4.72048860E-03
-4.22237750E+00	+2.71578770E-03	-4.71216430E-03
-4.22681630E+00	+2.71087560E-03	-4.70389000E-03
-4.23125030E+00	+2.70600290E-03	-4.69566530E-03
-4.23567950E+00	+2.70116920E-03	-4.68748970E-03
-4.24010390E+00	+2.69637420E-03	-4.67936270E-03
-4.24452340E+00	+2.69161750E-03	-4.67128380E-03
-4.24893800E+00	+2.68689860E-03	-4.66325260E-03
-4.25334760E+00	+2.68221720E-03	-4.65526840E-03
-4.25775240E+00	+2.67757280E-03	-4.64733100E-03
-4.26215220E+00	+2.67296520E-03	-4.63943970E-03
-4.26654700E+00	+2.66839400E-03	-4.63159420E-03
-4.27093690E+00	+2.66385870E-03	-4.62379400E-03
-4.27532180E+00	+2.65935900E-03	-4.61603870E-03
-4.27970160E+00	+2.65489460E-03	-4.60832770E-03
-4.28407640E+00	+2.65046510E-03	-4.60066070E-03
-4.28844620E+00	+2.64607010E-03	-4.59303730E-03
-4.29281080E+00	+2.64170930E-03	-4.58545690E-03
-4.29717040E+00	+2.63738230E-03	-4.57791920E-03
-4.30152490E+00	+2.63308880E-03	-4.57042380E-03
-4.30587420E+00	+2.62882850E-03	-4.56297020E-03
-4.31021840E+00	+2.62460110E-03	-4.55555810E-03
-4.31455750E+00	+2.62040610E-03	-4.54818700E-03
-4.31889140E+00	+2.61624320E-03	-4.54085650E-03
-4.32322000E+00	+2.61211220E-03	-4.53356630E-03
-4.32754350E+00	+2.60801280E-03	-4.52631590E-03
-4.33186170E+00	+2.60394450E-03	-4.51910500E-03
-4.33617470E+00	+2.59990710E-03	-4.51193310E-03
-4.34048240E+00	+2.59590020E-03	-4.50480000E-03
-4.34478480E+00	+2.59192360E-03	-4.49770520E-03
-4.34908200E+00	+2.58797700E-03	-4.49064840E-03
-4.35337380E+00	+2.58406000E-03	-4.48362920E-03
-4.35766030E+00	+2.58017240E-03	-4.47664720E-03
-4.36194140E+00	+2.57631380E-03	-4.46970210E-03
-4.36621720E+00	+2.57248400E-03	-4.46279350E-03
-4.37048760E+00	+2.56868270E-03	-4.45592120E-03
-4.37475270E+00	+2.56490950E-03	-4.44908460E-03
-4.37901230E+00	+2.56116420E-03	-4.44228360E-03
-4.38326650E+00	+2.55744660E-03	-4.43551780E-03
-4.38751520E+00	+2.55375630E-03	-4.42878680E-03
-4.39175860E+00	+2.55009300E-03	-4.42209030E-03
-4.39599640E+00	+2.54645650E-03	-4.41542800E-03
-4.40022880E+00	+2.54284660E-03	-4.40879950E-03
-4.40445560E+00	+2.53926290E-03	-4.40220460E-03
-4.40867700E+00	+2.53570510E-03	-4.39564300E-03
-4.41289280E+00	+2.53217310E-03	-4.38911420E-03
-4.41710310E+00	+2.52866660E-03	-4.38261810E-03
-4.42130780E+00	+2.52518520E-03	-4.37615430E-03
-4.42550700E+00	+2.52172890E-03	-4.36972250E-03
-4.42970060E+00	+2.51829720E-03	-4.36332240E-03
-4.43388860E+00	+2.51488990E-03	-4.35695370E-03
-4.43807090E+00	+2.51150690E-03	-4.35061620E-03
-4.44224770E+00	+2.50814780E-03	-4.34430950E-03
-4.44641880E+00	+2.50481250E-03	-4.33803340E-03
-4.45058430E+00	+2.50150060E-03	-4.33178760E-03
-4.45474410E+00	+2.49821190E-03	-4.32557180E-03
-4.45889820E+00	+2.49494630E-03	-4.31938570E-03
-4.46304660E+00	+2.49170340E-03	-4.31322900E-03
-4.46718940E+00	+2.48848310E-03	-4.30710160E-03
-4.47132640E+00	+2.48528510E-03	-4.30100310E-03
-4.47545770E+00	+2.48210920E-03	-4.29493320E-03
-4.47958320E+00	+2.47895510E-03	-4.28889180E-03
-4.48370300E+00	+2.47582270E-03	-4.28287850E-03
-4.48781710E+00	+2.47271180E-03	-4.27689310E-03
-4.49192530E+00	+2.46962200E-03	-4.27093530E-03
-4.49602780E+00	+2.46655320E-03	-4.26500500E-03
-4.50012450E+00	+2.46350530E-03	-4.25910170E-03
-4.50421530E+00	+2.46047780E-03	-4.25322540E-03
-4.50830030E+00	+2.45747080E-03	-4.24737580E-03
-4.51237950E+00	+2.45448390E-03	-4.24155260E-03
-4.51645290E+00	+2.45151700E-03	-4.23575550E-03
-4.52052040E+00	+2.44856990E-03	-4.22998440E-03
-4.52458200E+00	+2.44564230E-03	-4.22423910E-03
-4.52863770E+00	+2.44273400E-03	-4.21851930E-03
-4.53268760E+00	+2.43984500E-03	-4.21282470E-03
-4.53673150E+00	+2.43697490E-03	-4.20715520E-03
-4.54076950E+00	+2.43412350E-03	-4.20151050E-03
-4.54480160E+00	+2.43129080E-03	-4.19589040E-03
-4.54882780E+00	+2.42847650E-03	-4.19029470E-03
-4.55284800E+00	+2.42568040E-03	-4.18472330E-03
-4.55686230E+00	+2.42290230E-03	-4.17917570E-03
-4.56087060E+00	+2.42014200E-03	-4.17365200E-03
-4.56487290E+00	+2.41739950E-03	-4.16815180E-03
-4.56886930E+00	+2.41467440E-03	-4.16267500E-03
-4.57285960E+00	+2.41196660E-03	-4.15722130E-03
-4.57684400E+00	+2.40927600E-03	-4.15179050E-03
-4.58082230E+00	+2.40660230E-03	-4.14638250E-03
-4.58479460E+00	+2.40394540E-03	-4.14099710E-03
-4.58876080E+00	+2.40130510E-03	-4.13563400E-03
-4.59272110E+00	+2.39868130E-03	-4.13029310E-03
-4.59667520E+00	+2.39607380E-03	-4.12497420E-03
-4.60062340E+00	+2.39348240E-03	-4.11967710E-03
-4.60456540E+00	+2.39090700E-03	-4.11440150E-03
-4.60850140E+00	+2.38834730E-03	-4.10914740E-03
-4.61243130E+00	+2.38580330E-03	-4.10391460E-03
-4.61635500E+00	+2.38327480E-03	-4.09870280E-03
-4.62027270E+00	+2.38076150E-03	-4.09351180E-03
-4.62418430E+00	+2.37826350E-03	-4.08834160E-03
-4.62808970E+00	+2.37578040E-03	-4.08319190E-03
-4.63198900E+00	+2.37331220E-03	-4.07806260E-03
-4.63588220E+00	+2.37085880E-03	-4.07295340E-03
-4.63976920E+00	+2.36841980E-03	-4.06786430E-03
-4.64365010E+00	+2.36599530E-03	-4.06279500E-03
-4.64752490E+00	+2.36358510E-03	-4.05774540E-03
-4.65139340E+00	+2.36118890E-03	-4.05271530E-03
-4.65525580E+00	+2.35880680E-03	-4.04770460E-03
-4.65911200E+00	+2.35643840E-03	-4.04271310E-03
-4.66296200E+00	+2.35408380E-03	-4.03774060E-03
-4.66680580E+00	+2.35174270E-03	-4.03278700E-03
-4.67064340E+00	+2.34941500E-03	-4.02785210E-03
-4.67447480E+00	+2.34710060E-03	-4.02293580E-03
-4.67830000E+00	+2.34479940E-03	-4.01803790E-03
-4.68211890E+00	+2.34251110E-03	-4.01315820E-03
-4.68593160E+00	+2.34023570E-03	-4.00829670E-03
-4.68973810E+00	+2.33797310E-03	-4.00345320E-03
-4.69353830E+00	+2.33572310E-03	-3.99862740E-03
-4.69733230E+00	+2.33348550E-03	-3.99381940E-03
-4.70112010E+00	+2.33126040E-03	-3.98902890E-03
-4.70490150E+00	+2.32904740E-03	-3.98425570E-03
-4.70867670E+00	+2.32684660E-03	-3.97949990E-03
-4.71244560E+00	+2.32465770E-03	-3.97476110E-03
-4.71620830E+00	+2.32248070E-03	-3.97003930E-03
-4.71996460E+00	+2.32031540E-03	-3.96533440E-03
-4.72371470E+00	+2.31816180E-03	-3.96064610E-03
-4.72745850E+00	+2.31601960E-03	-3.95597440E-03
-4.73119590E+00	+2.31388890E-03	-3.95131920E-03
-4.73492710E+00	+2.31176940E-03	-3.94668020E-03
-4.73865190E+00	+2.30966100E-03	-3.94205750E-03
-4.74237040E+00	+2.30756370E-03	-3.93745080E-03
-4.74608260E+00	+2.30547730E-03	-3.93286000E-03
-4.74978850E+00	+2.30340170E-03	-3.92828500E-03
-4.75348800E+00	+2.30133680E-03	-3.92372560E-03
-4.75718120E+00	+2.29928250E-03	-3.91918180E-03
-4.76086810E+00	+2.29723860E-03	-3.91465350E-03
-4.76454860E+00	+2.29520520E-03	-3.91014040E-03
-4.76822270E+00	+2.29318200E-03	-3.90564250E-03
-4.77189050E+00	+2.29116900E-03	-3.90115970E-03
-4.77555200E+00	+2.28916600E-03	-3.89669190E-03
-4.77920710E+00	+2.28717290E-03	-3.89223890E-03
-4.78285580E+00	+2.28518980E-03	-3.88780050E-03
-4.78649810E+00	+2.28321630E-03	-3.88337680E-03
-4.79013410E+00	+2.28125250E-03	-3.87896760E-03
-4.79376360E+00	+2.27929830E-03	-3.87457280E-03
-4.79738680E+00	+2.27735350E-03	-3.87019220E-03
-4.80100360E+00	+2.27541800E-03	-3.86582580E-03
-4.80461410E+00	+2.27349180E-03	-3.86147350E-03
-4.80821810E+00	+2.27157480E-03	-3.85713510E-03
-4.81181570E+00	+2.26966680E-03	-3.85281050E-03
-4.81540690E+00	+2.26776780E-03	-3.84849970E-03
-4.81899180E+00	+2.26587770E-03	-3.84420250E-03
-4.82257020E+00	+2.26399640E-03	-3.83991880E-03
-4.82614220E+00	+2.26212370E-03	-3.83564850E-03
-4.82970780E+00	+2.26025970E-03	-3.83139160E-03
-4.83326700E+00	+2.25840410E-03	-3.82714790E-03
-4.83681970E+00	+2.25655700E-03	-3.82291730E-03
-4.84036610E+00	+2.25471830E-03	-3.81869970E-03
-4.84390600E+00	+2.25288770E-03	-3.81449510E-03
-4.84743950E+00	+2.25106540E-03	-3.81030330E-03
-4.85096660E+00	+2.24925110E-03	-3.80612430E-03
-4.85448720E+00	+2.24744480E-03	-3.80195780E-03
-4.85800140E+00	+2.24564650E-03	-3.79780400E-03
-4.86150920E+00	+2.24385600E-03	-3.79366260E-03
-4.86501050E+00	+2.24207320E-03	-3.78953350E-03
-4.86850540E+00	+2.24029810E-03	-3.78541680E-03
-4.87199390E+00	+2.23853050E-03	-3.78131220E-03
-4.87547590E+00	+2.23677050E-03	-3.77721970E-03
-4.87895150E+00	+2.23501790E-03	-3.77313920E-03
-4.88242060E+00	+2.23327270E-03	-3.76907060E-03
-4.88588330E+00	+2.23153470E-03	-3.76501390E-03
-4.88933950E+00	+2.22980400E-03	-3.76096890E-03
-4.89278930E+00	+2.22808040E-03	-3.75693560E-03
-4.89623270E+00	+2.22636380E-03	-3.75291390E-03
-4.89966960E+00	+2.22465420E-03	-3.74890370E-03
-4.90310000E+00	+2.22295150E-03	-3.74490490E-03
-4.90652400E+00	+2.22125560E-03	-3.74091740E-03
-4.90994150E+00	+2.21956650E-03	-3.73694110E-03
-4.91335260E+00	+2.21788410E-03	-3.73297610E-03
-4.91675730E+00	+2.21620820E-03	-3.72902210E-03
-4.92015540E+00	+2.21453900E-03	-3.72507920E-03
-4.92354720E+00	+2.21287620E-03	-3.72114710E-03
-4.92693240E+00	+2.21121980E-03	-3.71722600E-03
-4.93031120E+00	+2.20956980E-03	-3.71331560E-03
-4.93368360E+00	+2.20792610E-03	-3.70941600E-03
-4.93704950E+00	+2.20628850E-03	-3.70552690E-03
-4.94040890E+00	+2.20465710E-03	-3.70164850E-03
-4.94376190E+00	+2.20303180E-03	-3.69778050E-03
-4.94710840E+00	+2.20141250E-03	-3.69392290E-03
-4.95044850E+00	+2.19979910E-03	-3.69007570E-03
-4.95378210E+00	+2.19819170E-03	-3.68623870E-03
-4.95710920E+00	+2.19659010E-03	-3.68241200E-03
-4.96042990E+00	+2.19499420E-03	-3.67859540E-03
-4.96374420E+00	+2.19340400E-03	-3.67478880E-03
-4.96705190E+00	+2.19181950E-03	-3.67099220E-03
-4.97035330E+00	+2.19024060E-03	-3.66720560E-03
-4.97364810E+00	+2.18866710E-03	-3.66342880E-03
-4.97693660E+00	+2.18709920E-03	-3.65966180E-03
-4.98021850E+00	+2.18553660E-03	-3.65590450E-03
-4.98349400E+00	+2.18397950E-03	-3.65215690E-03
-4.98676310E+00	+2.18242760E-03	-3.64841890E-03
-4.99002570E+00	+2.18088090E-03	-3.64469040E-03
-4.99328190E+00	+2.17933940E-03	-3.64097140E-03
-4.99653160E+00	+2.17780310E-03	-3.63726170E-03
-4.99977490E+00	+2.17627180E-03	-3.63356150E-03
-5.00301170E+00	+2.17474550E-03	-3.62987040E-03
-5.00624210E+00	+2.17322420E-03	-3.62618870E-03
-5.00946600E+00	+2.17170780E-03	-3.62251600E-03
-5.01268350E+00	+2.17019630E-03	-3.61885250E-03
-5.01589460E+00	+2.16868950E-03	-3.61519800E-03
-5.01909920E+00	+2.16718760E-03	-3.61155250E-03
-5.02229740E+00	+2.16569030E-03	-3.60791590E-03
-5.02548910E+00	+2.16419770E-03	-3.60428820E-03
-5.02867440E+00	+2.16270960E-03	-3.60066920E-03
-5.03185330E+00	+2.16122620E-03	-3.59705900E-03
-5.03502580E+00	+2.15974720E-03	-3.59345750E-03
-5.03819180E+00	+2.15827270E-03	-3.58986470E-03
-5.04135140E+00	+2.15680260E-03	-3.58628040E-03
-5.04450460E+00	+2.15533690E-03	-3.58270470E-03
-5.04765140E+00	+2.15387550E-03	-3.57913740E-03
-5.05079170E+00	+2.15241830E-03	-3.57557850E-03
-5.05392560E+00	+2.15096540E-03	-3.57202800E-03
-5.05705320E+00	+2.14951660E-03	-3.56848580E-03
-5.06017430E+00	+2.14807200E-03	-3.56495190E-03
-5.06328900E+00	+2.14663150E-03	-3.56142620E-03
-5.06639730E+00	+2.14519500E-03	-3.55790860E-03
-5.06949910E+00	+2.14376250E-03	-3.55439920E-03
-5.07259460E+00	+2.14233390E-03	-3.55089780E-03
-5.07568370E+00	+2.14090930E-03	-3.54740440E-03
-5.07876640E+00	+2.13948850E-03	-3.54391890E-03
-5.08184270E+00	+2.13807160E-03	-3.54044140E-03
-5.08491260E+00	+2.13665850E-03	-3.53697170E-03
-5.08797620E+00	+2.13524910E-03	-3.53350990E-03
-5.09103330E+00	+2.13384340E-03	-3.53005570E-03
-5.09408410E+00	+2.13244130E-03	-3.52660940E-03
-5.09712850E+00	+2.13104290E-03	-3.52317060E-03
-5.10016650E+00	+2.12964810E-03	-3.51973950E-03
-5.10319820E+00	+2.12825690E-03	-3.51631600E-03
-5.10622340E+00	+2.12686910E-03	-3.51290000E-03
-5.10924240E+00	+2.12548480E-03	-3.50949150E-03
-5.11225490E+00	+2.12410390E-03	-3.50609040E-03
-5.11526110E+00	+2.12272650E-03	-3.50269680E-03
-5.11826100E+00	+2.12135240E-03	-3.49931050E-03
-5.12125450E+00	+2.11998160E-03	-3.49593150E-03
-5.12424170E+00	+2.11861410E-03	-3.49255970E-03
-5.12722250E+00	+2.11724980E-03	-3.48919520E-03
-5.13019700E+00	+2.11588880E-03	-3.48583790E-03
-5.13316510E+00	+2.11453090E-03	-3.48248770E-03
-5.13612700E+00	+2.11317620E-03	-3.47914450E-03
-5.13908250E+00	+2.11182460E-03	-3.47580850E-03
-5.14203160E+00	+2.11047610E-03	-3.47247950E-03
-5.14497450E+00	+2.10913060E-03	-3.46915740E-03
-5.14791110E+00	+2.10778810E-03	-3.46584230E-03
-5.15084130E+00	+2.10644860E-03	-3.46253410E-03
-5.15376520E+00	+2.10511200E-03	-3.45923270E-03
-5.15668290E+00	+2.10377840E-03	-3.45593810E-03
-5.15959420E+00	+2.10244760E-03	-3.45265040E-03
-5.16249930E+00	+2.10111960E-03	-3.44936930E-03
-5.16539810E+00	+2.09979450E-03	-3.44609500E-03
-5.16829050E+00	+2.09847220E-03	-3.44282730E-03
-5.17117680E+00	+2.09715260E-03	-3.43956630E-03
-5.17405670E+00	+2.09583580E-03	-3.43631180E-03
-5.17693040E+00	+2.09452160E-03	-3.43306390E-03
-5.17979780E+00	+2.09321010E-03	-3.42982260E-03
-5.18265890E+00	+2.09190120E-03	-3.42658770E-03
-5.18551380E+00	+2.09059500E-03	-3.42335920E-03
-5.18836250E+00	+2.08929130E-03	-3.42013720E-03
-5.19120490E+00	+2.08799020E-03	-3.41692150E-03
-5.19404100E+00	+2.08669150E-03	-3.41371220E-03
-5.19687100E+00	+2.08539540E-03	-3.41050920E-03
-5.19969470E+00	+2.08410180E-03	-3.40731240E-03
-5.20251210E+00	+2.08281050E-03	-3.40412190E-03
-5.20532340E+00	+2.08152170E-03	-3.40093760E-03
-5.20812850E+00	+2.08023530E-03	-3.39775950E-03
-5.21092730E+00	+2.07895120E-03	-3.39458750E-03
-5.21371990E+00	+2.07766950E-03	-3.39142160E-03
-5.21650640E+00	+2.07639000E-03	-3.38826180E-03
-5.21928660E+00	+2.07511290E-03	-3.38510800E-03
-5.22206070E+00	+2.07383800E-03	-3.38196020E-03
-5.22482860E+00	+2.07256530E-03	-3.37881840E-03
-5.22759030E+00	+2.07129490E-03	-3.37568260E-03
-5.23034580E+00	+2.07002660E-03	-3.37255270E-03
-5.23309520E+00	+2.06876040E-03	-3.36942860E-03
-5.23583840E+00	+2.06749640E-03	-3.36631040E-03
-5.23857550E+00	+2.06623460E-03	-3.36319810E-03
-5.24130640E+00	+2.06497470E-03	-3.36009150E-03
-5.24403120E+00	+2.06371700E-03	-3.35699070E-03
-5.24674980E+00	+2.06246130E-03	-3.35389570E-03
-5.24946240E+00	+2.06120760E-03	-3.35080630E-03
-5.25216880E+00	+2.05995590E-03	-3.34772270E-03
-5.25486900E+00	+2.05870620E-03	-3.34464460E-03
-5.25756320E+00	+2.05745850E-03	-3.34157220E-03
-5.26025130E+00	+2.05621260E-03	-3.33850540E-03
-5.26293320E+00	+2.05496870E-03	-3.33544420E-03
-5.26560910E+00	+2.05372660E-03	-3.33238850E-03
-5.26827890E+00	+2.05248650E-03	-3.32933830E-03
-5.27094260E+00	+2.05124810E-03	-3.32629360E-03
-5.27360020E+00	+2.05001160E-03	-3.32325430E-03
-5.27625180E+00	+2.04877690E-03	-3.32022050E-03
-5.27889730E+00	+2.04754400E-03	-3.31719210E-03
-5.28153670E+00	+2.04631280E-03	-3.31416910E-03
-5.28417010E+00	+2.04508340E-03	-3.31115140E-03
-5.28679750E+00	+2.04385570E-03	-3.30813900E-03
-5.28941880E+00	+2.04262970E-03	-3.30513190E-03
-5.29203410E+00	+2.04140540E-03	-3.30213020E-03
-5.29464330E+00	+2.04018280E-03	-3.29913360E-03
-5.29724660E+00	+2.03896180E-03	-3.29614230E-03
-5.29984380E+00	+2.03774250E-03	-3.29315620E-03
-5.30243500E+00	+2.03652470E-03	-3.29017530E-03
-5.30502030E+00	+2.03530860E-03	-3.28719950E-03
-5.30759950E+00	+2.03409400E-03	-3.28422880E-03
-5.31017280E+00	+2.03288100E-03	-3.28126330E-03
-5.31274010E+00	+2.03166950E-03	-3.27830280E-03
-5.31530140E+00	+2.03045960E-03	-3.27534740E-03
-5.31785680E+00	+2.02925120E-03	-3.27239700E-03
-5.32040620E+00	+2.02804430E-03	-3.26945170E-03
-5.32294960E+00	+2.02683880E-03	-3.26651130E-03
-5.32548710E+00	+2.02563480E-03	-3.26357590E-03
-5.32801870E+00	+2.02443220E-03	-3.26064540E-03
-5.33054440E+00	+2.02323110E-03	-3.25771990E-03
-5.33306410E+00	+2.02203140E-03	-3.25479920E-03
-5.33557790E+00	+2.02083310E-03	-3.25188340E-03
-5.33808580E+00	+2.01963610E-03	-3.24897250E-03
-5.34058780E+00	+2.01844060E-03	-3.24606640E-03
-5.34308400E+00	+2.01724630E-03	-3.24316520E-03
-5.34557420E+00	+2.01605340E-03	-3.24026870E-03
-5.34805850E+00	+2.01486190E-03	-3.23737700E-03
-5.35053700E+00	+2.01367160E-03	-3.23449000E-03
-5.35300970E+00	+2.01248260E-03	-3.23160780E-03
-5.35547640E+00	+2.01129490E-03	-3.22873030E-03
-5.35793730E+00	+2.01010850E-03	-3.22585740E-03
-5.36039240E+00	+2.00892330E-03	-3.22298930E-03
-5.36284170E+00	+2.00773940E-03	-3.22012580E-03
-5.36528510E+00	+2.00655670E-03	-3.21726690E-03
-5.36772270E+00	+2.00537520E-03	-3.21441260E-03
-5.37015450E+00	+2.00419480E-03	-3.21156290E-03
-5.37258050E+00	+2.00301570E-03	-3.20871780E-03
-5.37500060E+00	+2.00183770E-03	-3.20587720E-03
-5.37741500E+00	+2.00066090E-03	-3.20304120E-03
-5.37982370E+00	+1.99948530E-03	-3.20020970E-03
-5.38222650E+00	+1.99831080E-03	-3.19738260E-03
-5.38462360E+00	+1.99713730E-03	-3.19456010E-03
-5.38701490E+00	+1.99596500E-03	-3.19174200E-03
-5.38940050E+00	+1.99479380E-03	-3.18892830E-03
-5.39178030E+00	+1.99362370E-03	-3.18611910E-03
-5.39415440E+00	+1.99245470E-03	-3.18331430E-03
-5.39652280E+00	+1.99128670E-03	-3.18051390E-03
-5.39888540E+00	+1.99011980E-03	-3.17771780E-03
-5.40124230E+00	+1.98895390E-03	-3.17492610E-03
-5.40359360E+00	+1.98778900E-03	-3.17213870E-03
-5.40593910E+00	+1.98662520E-03	-3.16935560E-03
-5.40827900E+00	+1.98546230E-03	-3.16657690E-03
-5.41061310E+00	+1.98430050E-03	-3.16380240E-03
-5.41294160E+00	+1.98313960E-03	-3.16103220E-03
-5.41526450E+00	+1.98197970E-03	-3.15826620E-03
-5.41758160E+00	+1.98082080E-03	-3.15550450E-03
-5.41989320E+00	+1.97966280E-03	-3.15274690E-03
-5.42219910E+00	+1.97850580E-03	-3.14999360E-03
-5.42449930E+00	+1.97734970E-03	-3.14724450E-03
-5.42679390E+00	+1.97619450E-03	-3.14449950E-03
-5.42908300E+00	+1.97504020E-03	-3.14175870E-03
-5.43136640E+00	+1.97388690E-03	-3.13902210E-03
-5.43364420E+00	+1.97273440E-03	-3.13628950E-03
-5.43591640E+00	+1.97158280E-03	-3.13356110E-03
-5.43818300E+00	+1.97043210E-03	-3.13083670E-03
-5.44044410E+00	+1.96928230E-03	-3.12811640E-03
-5.44269960E+00	+1.96813330E-03	-3.12540020E-03
-5.44494950E+00	+1.96698520E-03	-3.12268810E-03
-5.44719390E+00	+1.96583790E-03	-3.11997990E-03
-5.44943280E+00	+1.96469150E-03	-3.11727580E-03
-5.45166610E+00	+1.96354580E-03	-3.11457570E-03
-5.45389380E+00	+1.96240100E-03	-3.11187960E-03
-5.45611610E+00	+1.96125700E-03	-3.10918740E-03
-5.45833290E+00	+1.96011380E-03	-3.10649920E-03
-5.46054410E+00	+1.95897140E-03	-3.10381490E-03
-5.46274990E+00	+1.95782980E-03	-3.10113460E-03
-5.46495020E+00	+1.95668890E-03	-3.09845820E-03
-5.46714500E+00	+1.95554880E-03	-3.09578570E-03
-5.46933430E+00	+1.95440950E-03	-3.09311710E-03
-5.47151820E+00	+1.95327090E-03	-3.09045240E-03
-5.47369660E+00	+1.95213310E-03	-3.08779150E-03
-5.47586960E+00	+1.95099600E-03	-3.08513450E-03
-5.47803720E+00	+1.94985960E-03	-3.08248130E-03
-5.48019930E+00	+1.94872400E-03	-3.07983190E-03
-5.48235600E+00	+1.94758910E-03	-3.07718640E-03
-5.48450730E+00	+1.94645490E-03	-3.07454460E-03
-5.48665330E+00	+1.94532140E-03	-3.07190660E-03
-5.48879380E+00	+1.94418850E-03	-3.06927240E-03
-5.49092890E+00	+1.94305640E-03	-3.06664200E-03
-5.49305870E+00	+1.94192500E-03	-3.06401530E-03
-5.49518310E+00	+1.94079420E-03	-3.06139230E-03
-5.49730210E+00	+1.93966410E-03	-3.05877310E-03
-5.49941580E+00	+1.93853470E-03	-3.05615750E-03
-5.50152420E+00	+1.93740590E-03	-3.05354570E-03
-5.50362720E+00	+1.93627780E-03	-3.05093750E-03
-5.50572500E+00	+1.93515030E-03	-3.04833310E-03
-5.50781740E+00	+1.93402350E-03	-3.04573220E-03
-5.50990440E+00	+1.93289730E-03	-3.04313510E-03
-5.51198630E+00	+1.93177170E-03	-3.04054150E-03
-5.51406280E+00	+1.93064680E-03	-3.03795160E-03
-5.51613400E+00	+1.92952240E-03	-3.03536530E-03
-5.51820000E+00	+1.92839870E-03	-3.03278260E-03
-5.52026070E+00	+1.92727560E-03	-3.03020350E-03
-5.52231610E+00	+1.92615310E-03	-3.02762800E-03
-5.52436640E+00	+1.92503110E-03	-3.02505610E-03
-5.52641130E+00	+1.92390980E-03	-3.02248770E-03
-5.52845110E+00	+1.92278900E-03	-3.01992280E-03
-5.53048560E+00	+1.92166890E-03	-3.01736150E-03
-5.53251500E+00	+1.92054930E-03	-3.01480380E-03
-5.53453910E+00	+1.91943030E-03	-3.01224950E-03
-5.53655810E+00	+1.91831180E-03	-3.00969870E-03
-5.53857180E+00	+1.91719390E-03	-3.00715150E-03
-5.54058040E+00	+1.91607660E-03	-3.00460770E-03
-5.54258390E+00	+1.91495980E-03	-3.00206740E-03
-5.54458220E+00	+1.91384350E-03	-2.99953050E-03
-5.54657530E+00	+1.91272780E-03	-2.99699710E-03
-5.54856330E+00	+1.91161270E-03	-2.99446710E-03
-5.55054620E+00	+1.91049810E-03	-2.99194060E-03
-5.55252390E+00	+1.90938400E-03	-2.98941750E-03
-5.55449660E+00	+1.90827040E-03	-2.98689780E-03
-5.55646410E+00	+1.90715730E-03	-2.98438150E-03
-5.55842660E+00	+1.90604480E-03	-2.98186860E-03
-5.56038400E+00	+1.90493280E-03	-2.97935910E-03
-5.56233630E+00	+1.90382130E-03	-2.97685300E-03
-5.56428350E+00	+1.90271030E-03	-2.97435020E-03
-5.56622570E+00	+1.90159980E-03	-2.97185070E-03
-5.56816280E+00	+1.90048980E-03	-2.96935470E-03
-5.57009490E+00	+1.89938030E-03	-2.96686190E-03
-5.57202200E+00	+1.89827130E-03	-2.96437250E-03
-5.57394400E+00	+1.89716270E-03	-2.96188640E-03
-5.57586110E+00	+1.89605470E-03	-2.95940360E-03
-5.57777310E+00	+1.89494710E-03	-2.95692400E-03
-5.57968020E+00	+1.89384010E-03	-2.95444780E-03
-5.58158220E+00	+1.89273340E-03	-2.95197490E-03
-5.58347930E+00	+1.89162730E-03	-2.94950520E-03
-5.58537150E+00	+1.89052160E-03	-2.94703880E-03
-5.58725860E+00	+1.88941640E-03	-2.94457560E-03
-5.58914090E+00	+1.88831170E-03	-2.94211570E-03
-5.59101820E+00	+1.88720740E-03	-2.93965910E-03
-5.59289050E+00	+1.88610360E-03	-2.93720560E-03
-5.59475800E+00	+1.88500020E-03	-2.93475540E-03
-5.59662050E+00	+1.88389730E-03	-2.93230830E-03
-5.59847810E+00	+1.88279480E-03	-2.92986450E-03
-5.60033090E+00	+1.88169280E-03	-2.92742390E-03
-5.60217870E+00	+1.88059120E-03	-2.92498640E-03
-5.60402170E+00	+1.87949010E-03	-2.92255220E-03
-5.60585980E+00	+1.87838940E-03	-2.92012110E-03
-5.60769310E+00	+1.87728910E-03	-2.91769310E-03
-5.60952150E+00	+1.87618920E-03	-2.91526830E-03
-5.61134510E+00	+1.87508980E-03	-2.91284670E-03
-5.61316380E+00	+1.87399090E-03	-2.91042820E-03
-5.61497770E+00	+1.87289230E-03	-2.90801280E-03
-5.61678690E+00	+1.87179420E-03	-2.90560050E-03
-5.61859120E+00	+1.87069650E-03	-2.90319140E-03
-5.62039070E+00	+1.86959920E-03	-2.90078530E-03
-5.62218550E+00	+1.86850230E-03	-2.89838240E-03
-5.62397540E+00	+1.86740580E-03	-2.89598250E-03
-5.62576060E+00	+1.86630980E-03	-2.89358570E-03
-5.62754110E+00	+1.86521410E-03	-2.89119200E-03
-5.62931680E+00	+1.86411890E-03	-2.88880140E-03
-5.63108780E+00	+1.86302410E-03	-2.88641380E-03
-5.63285400E+00	+1.86192970E-03	-2.88402920E-03
-5.63461550E+00	+1.86083570E-03	-2.88164770E-03
-5.63637230E+00	+1.85974200E-03	-2.87926930E-03
-5.63812450E+00	+1.85864880E-03	-2.87689390E-03
-5.63987190E+00	+1.85755600E-03	-2.87452150E-03
-5.64161460E+00	+1.85646360E-03	-2.87215210E-03
-5.64335270E+00	+1.85537160E-03	-2.86978570E-03
-5.64508610E+00	+1.85427990E-03	-2.86742230E-03
-5.64681490E+00	+1.85318870E-03	-2.86506190E-03
-5.64853900E+00	+1.85209790E-03	-2.86270450E-03
-5.65025840E+00	+1.85100740E-03	-2.86035010E-03
-5.65197330E+00	+1.84991730E-03	-2.85799860E-03
-5.65368350E+00	+1.84882760E-03	-2.85565020E-03
-5.65538910E+00	+1.84773840E-03	-2.85330460E-03
-5.65709010E+00	+1.84664940E-03	-2.85096210E-03
-5.65878660E+00	+1.84556090E-03	-2.84862240E-03
-5.66047840E+00	+1.84447280E-03	-2.84628580E-03
-5.66216570E+00	+1.84338500E-03	-2.84395200E-03
-5.66384840E+00	+1.84229760E-03	-2.84162120E-03
-5.66552660E+00	+1.84121060E-03	-2.83929330E-03
-5.66720020E+00	+1.84012390E-03	-2.83696830E-03
-5.66886930E+00	+1.83903770E-03	-2.83464620E-03
-5.67053380E+00	+1.83795180E-03	-2.83232700E-03
-5.67219390E+00	+1.83686630E-03	-2.83001070E-03
-5.67384940E+00	+1.83578110E-03	-2.82769730E-03
-5.67550040E+00	+1.83469640E-03	-2.82538670E-03
-5.67714700E+00	+1.83361200E-03	-2.82307910E-03
-5.67878900E+00	+1.83252790E-03	-2.82077430E-03
-5.68042660E+00	+1.83144430E-03	-2.81847240E-03
-5.68205970E+00	+1.83036100E-03	-2.81617330E-03
-5.68368840E+00	+1.82927810E-03	-2.81387710E-03
-5.68531270E+00	+1.82819550E-03	-2.81158370E-03
-5.68693250E+00	+1.82711330E-03	-2.80929320E-03
-5.68854780E+00	+1.82603150E-03	-2.80700550E-03
-5.69015880E+00	+1.82495010E-03	-2.80472060E-03
-5.69176530E+00	+1.82386900E-03	-2.80243850E-03
-5.69336750E+00	+1.82278820E-03	-2.80015930E-03
-5.69496530E+00	+1.82170790E-03	-2.79788290E-03
-5.69655860E+00	+1.82062790E-03	-2.79560920E-03
-5.69814770E+00	+1.81954820E-03	-2.79333840E-03
-5.69973230E+00	+1.81846900E-03	-2.79107030E-03
-5.70131260E+00	+1.81739000E-03	-2.78880510E-03
-5.70288860E+00	+1.81631150E-03	-2.78654260E-03
-5.70446020E+00	+1.81523330E-03	-2.78428290E-03
-5.70602750E+00	+1.81415550E-03	-2.78202600E-03
-5.70759050E+00	+1.81307800E-03	-2.77977180E-03
-5.70914920E+00	+1.81200090E-03	-2.77752040E-03
-5.71070350E+00	+1.81092410E-03	-2.77527170E-03
-5.71225360E+00	+1.80984770E-03	-2.77302580E-03
-5.71379950E+00	+1.80877170E-03	-2.77078260E-03
-5.71534100E+00	+1.80769600E-03	-2.76854210E-03
-5.71687830E+00	+1.80662070E-03	-2.76630440E-03
-5.71841130E+00	+1.80554580E-03	-2.76406940E-03
-5.71994010E+00	+1.80447120E-03	-2.76183720E-03
-5.72146460E+00	+1.80339690E-03	-2.75960760E-03
-5.72298500E+00	+1.80232300E-03	-2.75738080E-03
-5.72450110E+00	+1.80124950E-03	-2.75515660E-03
-5.72601300E+00	+1.80017630E-03	-2.75293520E-03
-5.72752070E+00	+1.79910350E-03	-2.75071640E-03
-5.72902420E+00	+1.79803110E-03	-2.74850030E-03
-5.73052360E+00	+1.79695900E-03	-2.74628700E-03
-5.73201870E+00	+1.79588730E-03	-2.74407630E-03
-5.73350970E+00	+1.79481590E-03	-2.74186820E-03
-5.73499660E+00	+1.79374490E-03	-2.73966290E-03
-5.73647930E+00	+1.79267420E-03	-2.73746010E-03
-5.73795790E+00	+1.79160390E-03	-2.73526010E-03
-5.73943230E+00	+1.79053400E-03	-2.73306270E-03
-5.74090270E+00	+1.78946440E-03	-2.73086800E-03
-5.74236890E+00	+1.78839510E-03	-2.72867590E-03
-5.74383100E+00	+1.78732630E-03	-2.72648640E-03
-5.74528910E+00	+1.78625780E-03	-2.72429960E-03
-5.74674300E+00	+1.78518960E-03	-2.72211540E-03
-5.74819290E+00	+1.78412180E-03	-2.71993380E-03
-5.74963870E+00	+1.78305440E-03	-2.71775480E-03
-5.75108050E+00	+1.78198730E-03	-2.71557850E-03
-5.75251820E+00	+1.78092060E-03	-2.71340470E-03
-5.75395190E+00	+1.77985430E-03	-2.71123360E-03
-5.75538160E+00	+1.77878830E-03	-2.70906510E-03
-5.75680720E+00	+1.77772270E-03	-2.70689910E-03
-5.75822890E+00	+1.77665740E-03	-2.70473580E-03
-5.75964650E+00	+1.77559250E-03	-2.70257500E-03
-5.76106020E+00	+1.77452800E-03	-2.70041690E-03
-5.76246980E+00	+1.77346380E-03	-2.69826130E-03
-5.76387550E+00	+1.77240000E-03	-2.69610820E-03
-5.76527720E+00	+1.77133650E-03	-2.69395780E-03
-5.76667500E+00	+1.77027340E-03	-2.69180990E-03
-5.76806880E+00	+1.76921070E-03	-2.68966450E-03
-5.76945870E+00	+1.76814840E-03	-2.68752180E-03
-5.77084470E+00	+1.76708640E-03	-2.68538150E-03
-5.77222670E+00	+1.76602470E-03	-2.68324380E-03
-5.77360480E+00	+1.76496350E-03	-2.68110870E-03
-5.77497910E+00	+1.76390260E-03	-2.67897610E-03
-5.77634940E+00	+1.76284210E-03	-2.67684600E-03
-5.77771580E+00	+1.76178190E-03	-2.67471850E-03
-5.77907840E+00	+1.76072210E-03	-2.67259340E-03
-5.78043710E+00	+1.75966270E-03	-2.67047090E-03
-5.78179190E+00	+1.75860370E-03	-2.66835100E-03
-5.78314290E+00	+1.75754500E-03	-2.66623350E-03
-5.78449010E+00	+1.75648670E-03	-2.66411850E-03
-5.78583340E+00	+1.75542880E-03	-2.66200600E-03
-5.78717290E+00	+1.75437120E-03	-2.65989610E-03
-5.78850860E+00	+1.75331400E-03	-2.65778860E-03
-5.78984050E+00	+1.75225720E-03	-2.65568360E-03
-5.79116860E+00	+1.75120080E-03	-2.65358110E-03
-5.79249280E+00	+1.75014470E-03	-2.65148110E-03
-5.79381340E+00	+1.74908900E-03	-2.64938360E-03
-5.79513010E+00	+1.74803370E-03	-2.64728850E-03
-5.79644310E+00	+1.74697880E-03	-2.64519600E-03
-5.79775230E+00	+1.74592420E-03	-2.64310580E-03
-5.79905780E+00	+1.74487000E-03	-2.64101820E-03
-5.80035950E+00	+1.74381620E-03	-2.63893300E-03
-5.80165750E+00	+1.74276280E-03	-2.63685020E-03
-5.80295180E+00	+1.74170980E-03	-2.63476990E-03
-5.80424240E+00	+1.74065710E-03	-2.63269210E-03
-5.80552930E+00	+1.73960490E-03	-2.63061670E-03
-5.80681250E+00	+1.73855300E-03	-2.62854370E-03
-5.80809200E+00	+1.73750150E-03	-2.62647320E-03
-5.80936790E+00	+1.73645040E-03	-2.62440510E-03
-5.81064000E+00	+1.73539960E-03	-2.62233940E-03
-5.81190850E+00	+1.73434930E-03	-2.62027620E-03
-5.81317340E+00	+1.73329930E-03	-2.61821530E-03
-5.81443460E+00	+1.73224970E-03	-2.61615690E-03
-5.81569220E+00	+1.73120060E-03	-2.61410090E-03
-5.81694610E+00	+1.73015180E-03	-2.61204730E-03
-5.81819650E+00	+1.72910340E-03	-2.60999610E-03
-5.81944320E+00	+1.72805530E-03	-2.60794730E-03
-5.82068640E+00	+1.72700770E-03	-2.60590100E-03
-5.82192590E+00	+1.72596050E-03	-2.60385700E-03
-5.82316190E+00	+1.72491370E-03	-2.60181540E-03
-5.82439430E+00	+1.72386720E-03	-2.59977610E-03
-5.82562310E+00	+1.72282120E-03	-2.59773930E-03
-5.82684840E+00	+1.72177550E-03	-2.59570480E-03
-5.82807010E+00	+1.72073030E-03	-2.59367280E-03
-5.82928830E+00	+1.71968540E-03	-2.59164300E-03
-5.83050290E+00	+1.71864100E-03	-2.58961570E-03
-5.83171410E+00	+1.71759700E-03	-2.58759070E-03
-5.83292170E+00	+1.71655330E-03	-2.58556810E-03
-5.83412580E+00	+1.71551010E-03	-2.58354780E-03
-5.83532640E+00	+1.71446720E-03	-2.58152990E-03
-5.83652350E+00	+1.71342480E-03	-2.57951440E-03
-5.83771720E+00	+1.71238280E-03	-2.57750120E-03
-5.83890740E+00	+1.71134110E-03	-2.57549030E-03
-5.84009410E+00	+1.71029990E-03	-2.57348180E-03
-5.84127730E+00	+1.70925910E-03	-2.57147560E-03
-5.84245710E+00	+1.70821870E-03	-2.56947170E-03
-5.84363350E+00	+1.70717870E-03	-2.56747020E-03
-5.84480650E+00	+1.70613910E-03	-2.56547100E-03
-5.84597600E+00	+1.70510000E-03	-2.56347410E-03
-5.84714210E+00	+1.70406120E-03	-2.56147960E-03
-5.84830480E+00	+1.70302290E-03	-2.55948730E-03
-5.84946410E+00	+1.70198500E-03	-2.55749740E-03
-5.85062000E+00	+1.70094750E-03	-2.55550980E-03
-5.85177250E+00	+1.69991040E-03	-2.55352450E-03
-5.85292170E+00	+1.69887370E-03	-2.55154150E-03
-5.85406750E+00	+1.69783740E-03	-2.54956080E-03
-5.85520990E+00	+1.69680160E-03	-2.54758240E-03
-5.85634900E+00	+1.69576620E-03	-2.54560620E-03
-5.85748470E+00	+1.69473120E-03	-2.54363240E-03
-5.85861720E+00	+1.69369660E-03	-2.54166090E-03
-5.85974630E+00	+1.69266250E-03	-2.53969160E-03
-5.86087200E+00	+1.69162880E-03	-2.53772460E-03
-5.86199450E+00	+1.69059550E-03	-2.53575990E-03
-5.86311370E+00	+1.68956260E-03	-2.53379750E-03
-5.86422960E+00	+1.68853020E-03	-2.53183730E-03
-5.86534220E+00	+1.68749820E-03	-2.52987940E-03
-5.86645150E+00	+1.68646660E-03	-2.52792380E-03
-5.86755760E+00	+1.68543550E-03	-2.52597040E-03
-5.86866040E+00	+1.68440480E-03	-2.52401930E-03
-5.86975990E+00	+1.68337450E-03	-2.52207040E-03
-5.87085620E+00	+1.68234470E-03	-2.52012380E-03
-5.87194930E+00	+1.68131530E-03	-2.51817950E-03
-5.87303910E+00	+1.68028630E-03	-2.51623740E-03
-5.87412580E+00	+1.67925780E-03	-2.51429750E-03
-5.87520920E+00	+1.67822970E-03	-2.51235980E-03
-5.87628940E+00	+1.67720200E-03	-2.51042440E-03
-5.87736640E+00	+1.67617480E-03	-2.50849130E-03
-5.87844030E+00	+1.67514800E-03	-2.50656030E-03
-5.87951090E+00	+1.67412170E-03	-2.50463160E-03
-5.88057840E+00	+1.67309580E-03	-2.50270510E-03
-5.88164270E+00	+1.67207040E-03	-2.50078090E-03
-5.88270390E+00	+1.67104540E-03	-2.49885880E-03
-5.88376190E+00	+1.67002090E-03	-2.49693900E-03
-5.88481680E+00	+1.66899680E-03	-2.49502130E-03
-5.88586860E+00	+1.66797320E-03	-2.49310590E-03
-5.88691720E+00	+1.66695000E-03	-2.49119270E-03
-5.88796270E+00	+1.66592720E-03	-2.48928170E-03
-5.88900510E+00	+1.66490490E-03	-2.48737290E-03
-5.89004440E+00	+1.66388310E-03	-2.48546630E-03
-5.89108070E+00	+1.66286170E-03	-2.48356190E-03
-5.89211380E+00	+1.66184080E-03	-2.48165960E-03
-5.89314390E+00	+1.66082040E-03	-2.47975960E-03
-5.89417080E+00	+1.65980040E-03	-2.47786170E-03
-5.89519480E+00	+1.65878080E-03	-2.47596600E-03
-5.89621560E+00	+1.65776170E-03	-2.47407250E-03
-5.89723350E+00	+1.65674310E-03	-2.47218120E-03
-5.89824830E+00	+1.65572500E-03	-2.47029200E-03
-5.89926000E+00	+1.65470730E-03	-2.46840510E-03
-5.90026880E+00	+1.65369010E-03	-2.46652020E-03
-5.90127450E+00	+1.65267330E-03	-2.46463760E-03
-5.90227720E+00	+1.65165700E-03	-2.46275710E-03
-5.90327690E+00	+1.65064120E-03	-2.46087880E-03
-5.90427370E+00	+1.64962580E-03	-2.45900260E-03
-5.90526740E+00	+1.64861090E-03	-2.45712860E-03
-5.90625820E+00	+1.64759650E-03	-2.45525670E-03
-5.90724600E+00	+1.64658260E-03	-2.45338700E-03
-5.90823080E+00	+1.64556910E-03	-2.45151940E-03
-5.90921270E+00	+1.64455610E-03	-2.44965390E-03
-5.91019170E+00	+1.64354360E-03	-2.44779060E-03
-5.91116770E+00	+1.64253160E-03	-2.44592950E-03
-5.91214080E+00	+1.64152000E-03	-2.44407040E-03
-5.91311090E+00	+1.64050890E-03	-2.44221350E-03
-5.91407820E+00	+1.63949830E-03	-2.44035870E-03
-5.91504250E+00	+1.63848820E-03	-2.43850610E-03
-5.91600390E+00	+1.63747860E-03	-2.43665550E-03
-5.91696250E+00	+1.63646940E-03	-2.43480710E-03
-5.91791810E+00	+1.63546070E-03	-2.43296080E-03
-5.91887090E+00	+1.63445260E-03	-2.43111660E-03
-5.91982080E+00	+1.63344490E-03	-2.42927460E-03
-5.92076780E+00	+1.63243770E-03	-2.42743460E-03
-5.92171200E+00	+1.63143090E-03	-2.42559670E-03
-5.92265330E+00	+1.63042470E-03	-2.42376100E-03
-5.92359180E+00	+1.62941900E-03	-2.42192730E-03
-5.92452750E+00	+1.62841370E-03	-2.42009580E-03
-5.92546030E+00	+1.62740900E-03	-2.41826630E-03
-5.92639040E+00	+1.62640470E-03	-2.41643890E-03
-5.92731760E+00	+1.62540090E-03	-2.41461360E-03
-5.92824200E+00	+1.62439770E-03	-2.41279040E-03
-5.92916360E+00	+1.62339490E-03	-2.41096930E-03
-5.93008240E+00	+1.62239260E-03	-2.40915030E-03
-5.93099840E+00	+1.62139090E-03	-2.40733330E-03
-5.93191170E+00	+1.62038960E-03	-2.40551850E-03
-5.93282220E+00	+1.61938880E-03	-2.40370570E-03
-5.93372990E+00	+1.61838860E-03	-2.40189490E-03
-5.93463490E+00	+1.61738880E-03	-2.40008620E-03
-5.93553710E+00	+1.61638950E-03	-2.39827960E-03
-5.93643660E+00	+1.61539080E-03	-2.39647510E-03
-5.93733340E+00	+1.61439250E-03	-2.39467260E-03
-5.93822740E+00	+1.61339480E-03	-2.39287220E-03
-5.93911870E+00	+1.61239760E-03	-2.39107380E-03
-5.94000740E+00	+1.61140090E-03	-2.38927750E-03
-5.94089330E+00	+1.61040460E-03	-2.38748330E-03
-5.94177650E+00	+1.60940890E-03	-2.38569100E-03
-5.94265700E+00	+1.60841380E-03	-2.38390090E-03
-5.94353490E+00	+1.60741910E-03	-2.38211270E-03
-5.94441000E+00	+1.60642490E-03	-2.38032660E-03
-5.94528250E+00	+1.60543130E-03	-2.37854260E-03
-5.94615240E+00	+1.60443820E-03	-2.37676060E-03
-5.94701960E+00	+1.60344560E-03	-2.37498060E-03
-5.94788410E+00	+1.60245350E-03	-2.37320260E-03
-5.94874600E+00	+1.60146190E-03	-2.37142670E-03
-5.94960530E+00	+1.60047090E-03	-2.36965280E-03
-5.95046190E+00	+1.59948040E-03	-2.36788090E-03
-5.95131600E+00	+1.59849040E-03	-2.36611100E-03
-5.95216740E+00	+1.59750090E-03	-2.36434320E-03
-5.95301620E+00	+1.59651200E-03	-2.36257730E-03
-5.95386240E+00	+1.59552360E-03	-2.36081350E-03
-5.95470610E+00	+1.59453570E-03	-2.35905170E-03
-5.95554710E+00	+1.59354830E-03	-2.35729190E-03
-5.95638560E+00	+1.59256150E-03	-2.35553410E-03
-5.95722150E+00	+1.59157520E-03	-2.35377820E-03
-5.95805480E+00	+1.59058940E-03	-2.35202440E-03
-5.95888560E+00	+1.58960410E-03	-2.35027260E-03
-5.95971380E+00	+1.58861940E-03	-2.34852280E-03
-5.96053950E+00	+1.58763530E-03	-2.34677500E-03
-5.96136270E+00	+1.58665160E-03	-2.34502920E-03
-5.96218330E+00	+1.58566850E-03	-2.34328530E-03
-5.96300140E+00	+1.58468600E-03	-2.34154340E-03
-5.96381700E+00	+1.58370390E-03	-2.33980360E-03
-5.96463010E+00	+1.58272240E-03	-2.33806570E-03
-5.96544070E+00	+1.58174150E-03	-2.33632970E-03
-5.96624880E+00	+1.58076110E-03	-2.33459580E-03
-5.96705440E+00	+1.57978120E-03	-2.33286380E-03
-5.96785750E+00	+1.57880190E-03	-2.33113380E-03
-5.96865820E+00	+1.57782310E-03	-2.32940570E-03
-5.96945630E+00	+1.57684490E-03	-2.32767970E-03
-5.97025210E+00	+1.57586720E-03	-2.32595550E-03
-5.97104530E+00	+1.57489010E-03	-2.32423340E-03
-5.97183610E+00	+1.57391350E-03	-2.32251320E-03
-5.97262450E+00	+1.57293740E-03	-2.32079500E-03
-5.97341050E+00	+1.57196190E-03	-2.31907870E-03
-5.97419400E+00	+1.57098700E-03	-2.31736430E-03
-5.97497510E+00	+1.57001260E-03	-2.31565190E-03
-5.97575380E+00	+1.56903870E-03	-2.31394150E-03
-5.97653000E+00	+1.56806540E-03	-2.31223300E-03
-5.97730390E+00	+1.56709270E-03	-2.31052640E-03
-5.97807540E+00	+1.56612050E-03	-2.30882180E-03
-5.97884450E+00	+1.56514890E-03	-2.30711910E-03
-5.97961120E+00	+1.56417780E-03	-2.30541840E-03
-5.98037550E+00	+1.56320730E-03	-2.30371950E-03
-5.98113750E+00	+1.56223740E-03	-2.30202260E-03
-5.98189710E+00	+1.56126800E-03	-2.30032770E-03
-5.98265430E+00	+1.56029910E-03	-2.29863460E-03
-5.98340920E+00	+1.55933090E-03	-2.29694350E-03
-5.98416180E+00	+1.55836320E-03	-2.29525430E-03
-5.98491200E+00	+1.55739600E-03	-2.29356700E-03
-5.98565990E+00	+1.55642940E-03	-2.29188170E-03
-5.98640540E+00	+1.55546340E-03	-2.29019820E-03
-5.98714870E+00	+1.55449790E-03	-2.28851670E-03
-5.98788960E+00	+1.55353310E-03	-2.28683700E-03
-5.98862820E+00	+1.55256870E-03	-2.28515930E-03
-5.98936460E+00	+1.55160500E-03	-2.28348350E-03
-5.99009860E+00	+1.55064180E-03	-2.28180950E-03
-5.99083040E+00	+1.54967920E-03	-2.28013750E-03
-5.99155990E+00	+1.54871710E-03	-2.27846740E-03
-5.99228710E+00	+1.54775570E-03	-2.27679910E-03
-5.99301200E+00	+1.54679480E-03	-2.27513280E-03
-5.99373470E+00	+1.54583440E-03	-2.27346830E-03
-5.99445510E+00	+1.54487470E-03	-2.27180580E-03
-5.99517330E+00	+1.54391550E-03	-2.27014510E-03
-5.99588920E+00	+1.54295690E-03	-2.26848630E-03
-5.99660290E+00	+1.54199890E-03	-2.26682940E-03
-5.99731440E+00	+1.54104140E-03	-2.26517430E-03
-5.99802360E+00	+1.54008450E-03	-2.26352120E-03
-5.99873070E+00	+1.53912820E-03	-2.26186990E-03
-5.99943550E+00	+1.53817250E-03	-2.26022050E-03
-6.00013810E+00	+1.53721740E-03	-2.25857290E-03
-6.00083850E+00	+1.53626280E-03	-2.25692720E-03
-6.00153670E+00	+1.53530890E-03	-2.25528340E-03
-6.00223280E+00	+1.53435550E-03	-2.25364140E-03
-6.00292660E+00	+1.53340270E-03	-2.25200130E-03
-6.00361830E+00	+1.53245040E-03	-2.25036310E-03
-6.00430780E+00	+1.53149880E-03	-2.24872670E-03
-6.00499520E+00	+1.53054770E-03	-2.24709220E-03
-6.00568040E+00	+1.52959730E-03	-2.24545950E-03
-6.00636350E+00	+1.52864740E-03	-2.24382870E-03
-6.00704440E+00	+1.52769810E-03	-2.24219970E-03
-6.00772310E+00	+1.52674940E-03	-2.24057260E-03
-6.00839980E+00	+1.52580130E-03	-2.23894730E-03
-6.00907430E+00	+1.52485380E-03	-2.23732380E-03
-6.00974670E+00	+1.52390680E-03	-2.23570220E-03
-6.01041700E+00	+1.52296050E-03	-2.23408240E-03
-6.01108510E+00	+1.52201470E-03	-2.23246450E-03
-6.01175120E+00	+1.52106960E-03	-2.23084840E-03
-6.01241520E+00	+1.52012500E-03	-2.22923410E-03
-6.01307710E+00	+1.51918110E-03	-2.22762160E-03
-6.01373690E+00	+1.51823770E-03	-2.22601100E-03
-6.01439460E+00	+1.51729490E-03	-2.22440220E-03
-6.01505020E+00	+1.51635270E-03	-2.22279520E-03
-6.01570380E+00	+1.51541120E-03	-2.22119000E-03
-6.01635530E+00	+1.51447020E-03	-2.21958660E-03
-6.01700480E+00	+1.51352980E-03	-2.21798510E-03
-6.01765220E+00	+1.51259000E-03	-2.21638530E-03
-6.01829760E+00	+1.51165080E-03	-2.21478740E-03
-6.01894090E+00	+1.51071220E-03	-2.21319130E-03
-6.01958220E+00	+1.50977420E-03	-2.21159700E-03
-6.02022150E+00	+1.50883690E-03	-2.21000450E-03
-6.02085880E+00	+1.50790010E-03	-2.20841380E-03
-6.02149400E+00	+1.50696390E-03	-2.20682490E-03
-6.02212730E+00	+1.50602830E-03	-2.20523770E-03
-6.02275850E+00	+1.50509340E-03	-2.20365240E-03
-6.02338770E+00	+1.50415900E-03	-2.20206890E-03
-6.02401500E+00	+1.50322530E-03	-2.20048720E-03
-6.02464020E+00	+1.50229210E-03	-2.19890720E-03
-6.02526350E+00	+1.50135960E-03	-2.19732900E-03
-6.02588480E+00	+1.50042760E-03	-2.19575270E-03
-6.02650420E+00	+1.49949630E-03	-2.19417810E-03
-6.02712150E+00	+1.49856560E-03	-2.19260520E-03
-6.02773690E+00	+1.49763550E-03	-2.19103420E-03
-6.02835040E+00	+1.49670600E-03	-2.18946490E-03
-6.02896190E+00	+1.49577710E-03	-2.18789740E-03
-6.02957150E+00	+1.49484890E-03	-2.18633170E-03
-6.03017910E+00	+1.49392120E-03	-2.18476780E-03
-6.03078480E+00	+1.49299420E-03	-2.18320560E-03
-6.03138860E+00	+1.49206770E-03	-2.18164510E-03
-6.03199050E+00	+1.49114190E-03	-2.18008650E-03
-6.03259040E+00	+1.49021670E-03	-2.17852960E-03
-6.03318850E+00	+1.48929210E-03	-2.17697440E-03
-6.03378460E+00	+1.48836820E-03	-2.17542100E-03
-6.03437890E+00	+1.48744480E-03	-2.17386940E-03
-6.03497120E+00	+1.48652210E-03	-2.17231950E-03
-6.03556170E+00	+1.48560000E-03	-2.17077140E-03
-6.03615030E+00	+1.48467850E-03	-2.16922500E-03
-6.03673700E+00	+1.48375760E-03	-2.16768040E-03
-6.03732180E+00	+1.48283730E-03	-2.16613750E-03
-6.03790480E+00	+1.48191770E-03	-2.16459630E-03
-6.03848590E+00	+1.48099860E-03	-2.16305690E-03
-6.03906510E+00	+1.48008020E-03	-2.16151920E-03
-6.03964260E+00	+1.47916250E-03	-2.15998330E-03
-6.04021810E+00	+1.47824530E-03	-2.15844900E-03
-6.04079190E+00	+1.47732880E-03	-2.15691660E-03
-6.04136380E+00	+1.47641290E-03	-2.15538580E-03
-6.04193380E+00	+1.47549760E-03	-2.15385680E-03
-6.04250210E+00	+1.47458290E-03	-2.15232950E-03
-6.04306850E+00	+1.47366890E-03	-2.15080390E-03
-6.04363310E+00	+1.47275550E-03	-2.14928000E-03
-6.04419590E+00	+1.47184270E-03	-2.14775790E-03
-6.04475700E+00	+1.47093050E-03	-2.14623750E-03
-6.04531620E+00	+1.47001900E-03	-2.14471880E-03
-6.04587360E+00	+1.46910810E-03	-2.14320180E-03
-6.04642920E+00	+1.46819780E-03	-2.14168650E-03
-6.04698310E+00	+1.46728820E-03	-2.14017290E-03
-6.04753520E+00	+1.46637910E-03	-2.13866100E-03
-6.04808550E+00	+1.46547070E-03	-2.13715090E-03
-6.04863410E+00	+1.46456300E-03	-2.13564240E-03
-6.04918090E+00	+1.46365580E-03	-2.13413560E-03
-6.04972590E+00	+1.46274930E-03	-2.13263060E-03
-6.05026920E+00	+1.46184350E-03	-2.13112720E-03
-6.05081070E+00	+1.46093820E-03	-2.12962550E-03
-6.05135050E+00	+1.46003360E-03	-2.12812550E-03
-6.05188860E+00	+1.45912970E-03	-2.12662720E-03
-6.05242500E+00	+1.45822630E-03	-2.12513060E-03
-6.05295960E+00	+1.45732360E-03	-2.12363570E-03
-6.05349250E+00	+1.45642150E-03	-2.12214240E-03
-6.05402370E+00	+1.45552010E-03	-2.12065090E-03
-6.05455310E+00	+1.45461930E-03	-2.11916100E-03
-6.05508090E+00	+1.45371910E-03	-2.11767280E-03
-6.05560700E+00	+1.45281960E-03	-2.11618630E-03
-6.05613140E+00	+1.45192070E-03	-2.11470140E-03
-6.05665410E+00	+1.45102240E-03	-2.11321820E-03
-6.05717510E+00	+1.45012480E-03	-2.11173670E-03
-6.05769440E+00	+1.44922780E-03	-2.11025690E-03
-6.05821200E+00	+1.44833150E-03	-2.10877870E-03
-6.05872800E+00	+1.44743580E-03	-2.10730220E-03
-6.05924240E+00	+1.44654070E-03	-2.10582730E-03
-6.05975500E+00	+1.44564630E-03	-2.10435410E-03
-6.06026600E+00	+1.44475250E-03	-2.10288260E-03
-6.06077540E+00	+1.44385930E-03	-2.10141270E-03
-6.06128310E+00	+1.44296680E-03	-2.09994450E-03
-6.06178920E+00	+1.44207500E-03	-2.09847790E-03
-6.06229360E+00	+1.44118370E-03	-2.09701300E-03
-6.06279640E+00	+1.44029310E-03	-2.09554970E-03
-6.06329760E+00	+1.43940320E-03	-2.09408800E-03
-6.06379720E+00	+1.43851390E-03	-2.09262810E-03
-6.06429510E+00	+1.43762520E-03	-2.09116970E-03
-6.06479140E+00	+1.43673720E-03	-2.08971300E-03
-6.06528620E+00	+1.43584980E-03	-2.08825790E-03
-6.06577930E+00	+1.43496310E-03	-2.08680450E-03
-6.06627080E+00	+1.43407700E-03	-2.08535270E-03
-6.06676080E+00	+1.43319160E-03	-2.08390250E-03
-6.06724910E+00	+1.43230680E-03	-2.08245400E-03
-6.06773590E+00	+1.43142260E-03	-2.08100700E-03
-6.06822110E+00	+1.43053910E-03	-2.07956180E-03
-6.06870470E+00	+1.42965620E-03	-2.07811810E-03
-6.06918670E+00	+1.42877400E-03	-2.07667600E-03
-6.06966720E+00	+1.42789250E-03	-2.07523560E-03
-6.07014620E+00	+1.42701150E-03	-2.07379680E-03
-6.07062350E+00	+1.42613120E-03	-2.07235960E-03
-6.07109930E+00	+1.42525160E-03	-2.07092410E-03
-6.07157360E+00	+1.42437260E-03	-2.06949010E-03
-6.07204640E+00	+1.42349430E-03	-2.06805770E-03
-6.07251750E+00	+1.42261660E-03	-2.06662700E-03
-6.07298720E+00	+1.42173960E-03	-2.06519790E-03
-6.07345540E+00	+1.42086320E-03	-2.06377030E-03
-6.07392200E+00	+1.41998740E-03	-2.06234440E-03
-6.07438710E+00	+1.41911230E-03	-2.06092010E-03
-6.07485070E+00	+1.41823790E-03	-2.05949730E-03
-6.07531270E+00	+1.41736410E-03	-2.05807620E-03
-6.07577330E+00	+1.41649100E-03	-2.05665660E-03
-6.07623240E+00	+1.41561850E-03	-2.05523870E-03
-6.07668990E+00	+1.41474660E-03	-2.05382230E-03
-6.07714600E+00	+1.41387540E-03	-2.05240760E-03
-6.07760060E+00	+1.41300490E-03	-2.05099440E-03
-6.07805370E+00	+1.41213500E-03	-2.04958280E-03
-6.07850540E+00	+1.41126580E-03	-2.04817280E-03
-6.07895550E+00	+1.41039720E-03	-2.04676430E-03
-6.07940420E+00	+1.40952930E-03	-2.04535750E-03
-6.07985150E+00	+1.40866200E-03	-2.04395220E-03
-6.08029720E+00	+1.40779540E-03	-2.04254850E-03
-6.08074150E+00	+1.40692940E-03	-2.04114640E-03
-6.08118440E+00	+1.40606410E-03	-2.03974580E-03
-6.08162580E+00	+1.40519940E-03	-2.03834680E-03
-6.08206580E+00	+1.40433540E-03	-2.03694940E-03
-6.08250430E+00	+1.40347200E-03	-2.03555360E-03
-6.08294140E+00	+1.40260930E-03	-2.03415930E-03
-6.08337710E+00	+1.40174730E-03	-2.03276650E-03
-6.08381140E+00	+1.40088590E-03	-2.03137540E-03
-6.08424420E+00	+1.40002510E-03	-2.02998580E-03
-6.08467560E+00	+1.39916500E-03	-2.02859770E-03
-6.08510560E+00	+1.39830560E-03	-2.02721120E-03
-6.08553420E+00	+1.39744680E-03	-2.02582630E-03
-6.08596140E+00	+1.39658870E-03	-2.02444290E-03
-6.08638710E+00	+1.39573120E-03	-2.02306100E-03
-6.08681150E+00	+1.39487440E-03	-2.02168070E-03
-6.08723450E+00	+1.39401830E-03	-2.02030200E-03
-6.08765610E+00	+1.39316280E-03	-2.01892470E-03
-6.08807640E+00	+1.39230790E-03	-2.01754910E-03
-6.08849520E+00	+1.39145370E-03	-2.01617490E-03
-6.08891270E+00	+1.39060020E-03	-2.01480240E-03
-6.08932880E+00	+1.38974730E-03	-2.01343130E-03
-6.08974350E+00	+1.38889510E-03	-2.01206180E-03
-6.09015690E+00	+1.38804360E-03	-2.01069380E-03
-6.09056890E+00	+1.38719270E-03	-2.00932730E-03
-6.09097960E+00	+1.38634240E-03	-2.00796240E-03
-6.09138890E+00	+1.38549280E-03	-2.00659900E-03
-6.09179690E+00	+1.38464390E-03	-2.00523710E-03
-6.09220350E+00	+1.38379560E-03	-2.00387670E-03
-6.09260880E+00	+1.38294800E-03	-2.00251790E-03
-6.09301270E+00	+1.38210110E-03	-2.00116060E-03
-6.09341540E+00	+1.38125480E-03	-1.99980480E-03
-6.09381670E+00	+1.38040910E-03	-1.99845050E-03
-6.09421660E+00	+1.37956420E-03	-1.99709770E-03
-6.09461530E+00	+1.37871990E-03	-1.99574640E-03
-6.09501270E+00	+1.37787620E-03	-1.99439670E-03
-6.09540870E+00	+1.37703320E-03	-1.99304840E-03
-6.09580340E+00	+1.37619090E-03	-1.99170170E-03
-6.09619690E+00	+1.37534920E-03	-1.99035640E-03
-6.09658900E+00	+1.37450820E-03	-1.98901270E-03
-6.09697980E+00	+1.37366780E-03	-1.98767050E-03
-6.09736940E+00	+1.37282810E-03	-1.98632970E-03
-6.09775770E+00	+1.37198900E-03	-1.98499050E-03
-6.09814460E+00	+1.37115070E-03	-1.98365270E-03
-6.09853030E+00	+1.37031290E-03	-1.98231650E-03
-6.09891480E+00	+1.36947590E-03	-1.98098170E-03
-6.09929790E+00	+1.36863950E-03	-1.97964850E-03
-6.09967980E+00	+1.36780370E-03	-1.97831670E-03
-6.10006050E+00	+1.36696860E-03	-1.97698640E-03
-6.10043990E+00	+1.36613420E-03	-1.97565760E-03
-6.10081800E+00	+1.36530050E-03	-1.97433020E-03
-6.10119480E+00	+1.36446740E-03	-1.97300440E-03
-6.10157050E+00	+1.36363490E-03	-1.97168000E-03
-6.10194490E+00	+1.36280310E-03	-1.97035710E-03
-6.10231800E+00	+1.36197200E-03	-1.96903570E-03
-6.10268990E+00	+1.36114160E-03	-1.96771570E-03
-6.10306060E+00	+1.36031180E-03	-1.96639720E-03
-6.10343000E+00	+1.35948260E-03	-1.96508020E-03
-6.10379830E+00	+1.35865410E-03	-1.96376470E-03
-6.10416530E+00	+1.35782630E-03	-1.96245060E-03
-6.10453110E+00	+1.35699920E-03	-1.96113800E-03
-6.10489560E+00	+1.35617270E-03	-1.95982680E-03
-6.10525900E+00	+1.35534680E-03	-1.95851710E-03
-6.10562120E+00	+1.35452170E-03	-1.95720890E-03
-6.10598210E+00	+1.35369720E-03	-1.95590210E-03
-6.10634190E+00	+1.35287330E-03	-1.95459680E-03
-6.10670050E+00	+1.35205010E-03	-1.95329290E-03
-6.10705780E+00	+1.35122760E-03	-1.95199050E-03
-6.10741400E+00	+1.35040570E-03	-1.95068960E-03
-6.10776900E+00	+1.34958450E-03	-1.94939000E-03
-6.10812290E+00	+1.34876400E-03	-1.94809200E-03
-6.10847550E+00	+1.34794410E-03	-1.94679530E-03
-6.10882700E+00	+1.34712490E-03	-1.94550010E-03
-6.10917730E+00	+1.34630630E-03	-1.94420640E-03
-6.10952650E+00	+1.34548840E-03	-1.94291410E-03
-6.10987440E+00	+1.34467120E-03	-1.94162320E-03
-6.11022130E+00	+1.34385460E-03	-1.94033380E-03
-6.11056690E+00	+1.34303870E-03	-1.93904580E-03
-6.11091150E+00	+1.34222340E-03	-1.93775920E-03
-6.11125480E+00	+1.34140880E-03	-1.93647410E-03
-6.11159710E+00	+1.34059490E-03	-1.93519030E-03
-6.11193820E+00	+1.33978160E-03	-1.93390810E-03
-6.11227810E+00	+1.33896900E-03	-1.93262720E-03
-6.11261700E+00	+1.33815710E-03	-1.93134780E-03
-6.11295460E+00	+1.33734580E-03	-1.93006970E-03
-6.11329120E+00	+1.33653520E-03	-1.92879310E-03
-6.11362670E+00	+1.33572520E-03	-1.92751800E-03
-6.11396100E+00	+1.33491590E-03	-1.92624420E-03
-6.11429420E+00	+1.33410730E-03	-1.92497180E-03
-6.11462630E+00	+1.33329930E-03	-1.92370090E-03
-6.11495730E+00	+1.33249200E-03	-1.92243140E-03
-6.11528720E+00	+1.33168530E-03	-1.92116320E-03
-6.11561600E+00	+1.33087930E-03	-1.91989650E-03
-6.11594370E+00	+1.33007400E-03	-1.91863120E-03
-6.11627020E+00	+1.32926930E-03	-1.91736730E-03
-6.11659570E+00	+1.32846530E-03	-1.91610480E-03
-6.11692020E+00	+1.32766190E-03	-1.91484370E-03
-6.11724350E+00	+1.32685920E-03	-1.91358400E-03
-6.11756570E+00	+1.32605720E-03	-1.91232570E-03
-6.11788690E+00	+1.32525580E-03	-1.91106880E-03
-6.11820700E+00	+1.32445510E-03	-1.90981330E-03
-6.11852600E+00	+1.32365510E-03	-1.90855910E-03
-6.11884400E+00	+1.32285570E-03	-1.90730640E-03
-6.11916090E+00	+1.32205690E-03	-1.90605500E-03
-6.11947670E+00	+1.32125890E-03	-1.90480510E-03
-6.11979150E+00	+1.32046140E-03	-1.90355650E-03
-6.12010520E+00	+1.31966470E-03	-1.90230930E-03
-6.12041790E+00	+1.31886860E-03	-1.90106350E-03
-6.12072950E+00	+1.31807320E-03	-1.89981900E-03
-6.12104010E+00	+1.31727840E-03	-1.89857600E-03
-6.12134960E+00	+1.31648430E-03	-1.89733430E-03
-6.12165810E+00	+1.31569080E-03	-1.89609400E-03
-6.12196560E+00	+1.31489800E-03	-1.89485500E-03
-6.12227200E+00	+1.31410590E-03	-1.89361750E-03
-6.12257740E+00	+1.31331440E-03	-1.89238130E-03
-6.12288180E+00	+1.31252360E-03	-1.89114640E-03
-6.12318510E+00	+1.31173340E-03	-1.88991300E-03
-6.12348750E+00	+1.31094390E-03	-1.88868090E-03
-6.12378880E+00	+1.31015510E-03	-1.88745010E-03
-6.12408910E+00	+1.30936690E-03	-1.88622070E-03
-6.12438840E+00	+1.30857940E-03	-1.88499270E-03
-6.12468670E+00	+1.30779250E-03	-1.88376600E-03
-6.12498400E+00	+1.30700630E-03	-1.88254070E-03
-6.12528030E+00	+1.30622080E-03	-1.88131680E-03
-6.12557560E+00	+1.30543590E-03	-1.88009420E-03
-6.12586990E+00	+1.30465170E-03	-1.87887290E-03
-6.12616320E+00	+1.30386810E-03	-1.87765300E-03
-6.12645550E+00	+1.30308520E-03	-1.87643450E-03
-6.12674690E+00	+1.30230290E-03	-1.87521720E-03
-6.12703720E+00	+1.30152130E-03	-1.87400140E-03
-6.12732660E+00	+1.30074040E-03	-1.87278680E-03
-6.12761500E+00	+1.29996010E-03	-1.87157360E-03
-6.12790240E+00	+1.29918040E-03	-1.87036180E-03
-6.12818890E+00	+1.29840150E-03	-1.86915130E-03
-6.12847440E+00	+1.29762310E-03	-1.86794210E-03
-6.12875900E+00	+1.29684550E-03	-1.86673430E-03
-6.12904250E+00	+1.29606850E-03	-1.86552770E-03
-6.12932520E+00	+1.29529210E-03	-1.86432260E-03
-6.12960680E+00	+1.29451640E-03	-1.86311870E-03
-6.12988760E+00	+1.29374140E-03	-1.86191620E-03
-6.13016730E+00	+1.29296700E-03	-1.86071500E-03
-6.13044620E+00	+1.29219330E-03	-1.85951510E-03
-6.13072410E+00	+1.29142020E-03	-1.85831650E-03
-6.13100100E+00	+1.29064780E-03	-1.85711930E-03
-6.13127700E+00	+1.28987610E-03	-1.85592340E-03
-6.13155210E+00	+1.28910500E-03	-1.85472880E-03
-6.13182630E+00	+1.28833450E-03	-1.85353550E-03
-6.13209950E+00	+1.28756470E-03	-1.85234350E-03
-6.13237180E+00	+1.28679560E-03	-1.85115280E-03
-6.13264320E+00	+1.28602710E-03	-1.84996350E-03
-6.13291360E+00	+1.28525920E-03	-1.84877540E-03
-6.13318320E+00	+1.28449210E-03	-1.84758870E-03
-6.13345180E+00	+1.28372550E-03	-1.84640330E-03
-6.13371960E+00	+1.28295970E-03	-1.84521910E-03
-6.13398640E+00	+1.28219450E-03	-1.84403630E-03
-6.13425230E+00	+1.28142990E-03	-1.84285480E-03
-6.13451730E+00	+1.28066600E-03	-1.84167450E-03
-6.13478150E+00	+1.27990270E-03	-1.84049560E-03
-6.13504470E+00	+1.27914010E-03	-1.83931800E-03
-6.13530700E+00	+1.27837820E-03	-1.83814160E-03
-6.13556850E+00	+1.27761680E-03	-1.83696660E-03
-6.13582900E+00	+1.27685620E-03	-1.83579280E-03
-6.13608870E+00	+1.27609620E-03	-1.83462030E-03
-6.13634750E+00	+1.27533680E-03	-1.83344920E-03
-6.13660540E+00	+1.27457810E-03	-1.83227920E-03
